0H 6H 24H 48H 120H
ENSMUSG00000056737 3.32293321320194 3.58543114091811 46.3504354314813 74.5202155061872 97.4778048653608
ENSMUSG00000030774 7.43241824792966 16.9975288529716 33.5089774614268 37.8979172850757 57.7523089288877
ENSMUSG00000020607 1.22711808823169 6.20735439793269 24.7674870838772 35.8944510853351 34.5988908589502
ENSMUSG00000006219 2.51459641337159 4.02874295570898 41.2101361386875 64.5069581346342 94.6490693404276
ENSMUSG00000041773 2.32384574615215 6.65511283708941 22.1691404769485 25.986979116625 76.4696313530833
ENSMUSG00000026981 0.140762984982806 1.02833599724789 47.9876354510009 45.5403150566504 40.2871248486878
ENSMUSG00000006800 6.55063800591419 9.32454177318338 46.6085988047688 55.5484798073817 81.1136656278675
ENSMUSG00000046186 2.72495999321331 23.6534786672101 39.6874047630556 49.0850951107132 49.9234826453209
ENSMUSG00000073489 1.02476035960496 2.59699353967076 21.7198009730256 13.6783741030311 28.1581832351711
ENSMUSG00000046623 0.831186047836096 4.23000711355409 31.5593760439593 34.6726830958147 64.5207688216339
ENSMUSG00000028494 3.40756755489168 4.65015066333912 36.4032413093759 73.1933913805315 39.0368868835859
ENSMUSG00000046159 20.5744926017331 16.5748981719208 5.78278179238082 3.77240887227636 1.01430552532323
ENSMUSG00000054720 2.22128107444961 12.0747998080729 30.6685413145266 45.3229778563811 44.5081256435284
ENSMUSG00000042379 0.377094793465415 34.8191614913806 71.93956079862 36.3892265973232 11.3923537310931
ENSMUSG00000021943 51.4790015052257 52.4586781017343 7.54829965555132 3.3588731856503 0.649563612796049
ENSMUSG00000018819 1.2512094060744 2.34362015205562 8.23304790991698 22.6267740515888 56.8138444590979
ENSMUSG00000040212 4.28322795167623 9.07405407199525 44.5988216146307 70.5162069947294 16.9391081259027
ENSMUSG00000000204 0.122488823804997 0.30468081262652 92.3641708743794 43.1630931032337 3.3910953893763
ENSMUSG00000003541 4.33460168329377 41.1402030308972 74.173361660334 69.3125069526188 13.9310440016646
ENSMUSG00000000290 1.07247065447405 1.97623020700738 16.5652270830826 42.5983257604228 50.3162136083345
ENSMUSG00000044456 2.49008089128304 3.49825935818315 13.0226842138738 17.0986995738421 39.2826333949546
ENSMUSG00000002885 1.33024968813438 3.69194389115046 32.8692866124973 59.8240353702979 62.3998372495882
ENSMUSG00000021281 0.78234230586761 4.80445218973726 34.3517816108991 31.559180612986 45.8735954305793
ENSMUSG00000091553 0.330380573874903 0.331245665505844 8.58388194447247 26.3353660335239 30.6498530756192
ENSMUSG00000033788 1.86071351677138 6.83409239696718 37.789604508405 28.1220686653542 85.5261651488424
ENSMUSG00000027656 2.61857519843001 1.42645718439205 14.2674177628397 22.0791209183769 53.3190735493534
ENSMUSG00000009687 0.615522875866985 3.40824871209467 44.9763144797028 55.1393401880818 24.2775591825849
ENSMUSG00000000489 1.0844589709599 3.18535625284639 26.0347152003007 27.1011207188972 82.5659860748208
ENSMUSG00000071713 0.464255056253395 1.17576238437645 16.1487974644991 37.7840977228821 50.5106437659106
ENSMUSG00000021998 2.64419334611821 4.70510257421998 26.7544034314761 96.3422221288446 58.8907157128191
ENSMUSG00000025473 1.2910781876868 1.61431154994742 22.3277127263975 40.7458148525165 13.4221907454605
ENSMUSG00000018924 0.204028611127525 0.616634210580179 24.6906618650986 46.7400689547643 15.5354969884399
ENSMUSG00000046223 0.293392490335092 18.8007976563851 70.1031660247308 46.2339618784541 24.7258537389405
ENSMUSG00000028859 0.488479390296904 0.576075691684857 33.8952604085769 46.9281845399058 13.8470741472886
ENSMUSG00000021950 0.330196516841509 2.66802802174518 36.2937270797598 10.0832452094291 6.83182570708216
ENSMUSG00000029161 2.14717267558893 59.871235092527 14.1774240822401 3.73677601031865 5.01633510093928
ENSMUSG00000053175 1.37333098358173 14.9686809007614 42.1812405044951 36.7765864712758 27.1729640632427
ENSMUSG00000023805 4.56754804560678 8.70122600193509 17.3050874709827 17.3803170966382 57.1290185314462
ENSMUSG00000015950 1.21777589679778 2.12915428833655 11.7031672979597 27.0314151367531 27.2739942788947
ENSMUSG00000063727 0.0891515719496097 0.406683002569567 3.1813563944977 15.3649220482344 89.7351273885701
ENSMUSG00000041605 0.258620829658407 1.06063132302795 9.27759348647392 16.7753706424289 70.4234009938421
ENSMUSG00000025582 5.32756197367595 34.2482003824029 11.9969645190625 15.3189046246702 79.6437696379045
ENSMUSG00000037974 0.501912700488145 10.9508510092549 96.257296255151 20.5151509666115 8.70938556723354
ENSMUSG00000056758 0.446139285657623 1.82620331271931 30.5630071644872 21.8278666151998 14.7398293929413
ENSMUSG00000050700 61.3902410506012 29.2218150594406 3.57178501459597 1.95513482933428 1.27181630857366
ENSMUSG00000058624 0.40904277421877 2.11574016472449 13.2239493675891 33.1556026026768 20.9647161810227
ENSMUSG00000097789 0.790317269511727 1.04834954891232 10.2807183003348 22.6177986401687 50.6689748127919
ENSMUSG00000027858 1.72040176504978 0.685956139455437 8.25414619893036 15.3624925576789 45.3030929246761
ENSMUSG00000029552 2.55926812711609 7.56202519865586 19.9758472227228 30.6143741586583 53.5906198529807
ENSMUSG00000021678 7.08318214309253 7.05661573405219 31.2289118874011 54.2142116538133 32.2926119028032
ENSMUSG00000024529 1.59402961553135 22.1054470996209 28.2236303199921 84.027244947203 64.3429718565622
ENSMUSG00000017057 0.945349572047148 4.48235041950999 37.1585224213014 85.9894420495909 12.7882928130026
ENSMUSG00000036908 4.522538973505 4.22788674673834 10.8413578931497 21.593458023024 48.6025834634751
ENSMUSG00000059336 3.26954436714875 3.06500279613205 22.1270502104129 29.9247077354773 45.6784837663949
ENSMUSG00000075284 1.53437489828204 2.3073990699619 13.633325013309 22.5741906495226 39.4874621943366
ENSMUSG00000006731 1.52511080641086 2.08946623137103 5.4336601721976 15.8504355001445 39.6630738067534
ENSMUSG00000031962 0.10847463894543 0.225616687607701 1.1210195415425 3.58877708132339 117.814511591324
ENSMUSG00000029371 0.274225588297514 0.697139400940884 64.7287151763105 44.131176159453 2.01109007240473
ENSMUSG00000029379 0.0484498339496108 1.25595184078185 27.0319498449016 39.5321492095043 2.18460406061968
ENSMUSG00000035042 0.266283703048337 0.656980195611491 30.9665964023667 8.91118321673533 0.964583309402376
ENSMUSG00000017737 0.949483100617534 0.529226885949913 18.3140363348245 88.8647991232755 91.0610262797254
ENSMUSG00000021822 1.29811799145346 43.0222535799098 34.1842186119022 57.1944027460377 95.4058625339727
ENSMUSG00000060402 0.972604687128116 1.29674436261409 5.81345317422925 8.15718755590119 53.750087133477
ENSMUSG00000073421 3.91155210383849 5.53056403405043 6.22255587438215 18.7678367524958 59.2706771067491
ENSMUSG00000020077 0.643347257713183 5.10242907717932 35.571733941368 89.4839335526788 25.2269916674841
ENSMUSG00000046805 4.98928849606744 2.96219243997252 16.9728532699556 48.3647541666524 77.6980457318233
ENSMUSG00000028680 1.62422915783288 40.68157688218 10.0094845385965 12.7236986496688 4.51080240453045
ENSMUSG00000070687 0.966692140282036 53.3585385702058 1.8688098920076 1.94292312707319 2.20415947700121
ENSMUSG00000039153 2.09379350233446 5.2761450882484 15.5412002476769 18.1348616984436 47.2337767911079
ENSMUSG00000005124 3.75378138804717 7.26924848539046 13.693336021038 13.1280301896348 34.3883809785505
ENSMUSG00000038067 0.125844740708397 38.0474548111533 96.8215353763173 9.90354194976632 0.193433840765916
ENSMUSG00000019122 0.553736918595512 0.281493715293129 14.4755780155802 51.2952653207936 8.49387005318631
ENSMUSG00000031075 1.78467676725698 1.73899570965857 5.2053337908343 7.87021758784187 61.7268161574888
ENSMUSG00000026656 2.8545939461238 1.44047520488719 8.01438084646023 40.8943465034643 32.7612844630631
ENSMUSG00000061878 2.11642855529299 47.3574845430732 18.1391799931843 12.1355235342396 20.2349245508618
ENSMUSG00000021804 32.0985083137315 6.1103776339413 1.22788416495525 3.77910166128454 0.511764048155853
ENSMUSG00000029581 6.00281717375584 10.2505684848255 17.1841873964912 29.6296504424191 96.4260857642711
ENSMUSG00000004885 0.698560378103662 9.06606094731218 12.6357556105849 42.6567552032977 7.88159559307221
ENSMUSG00000032911 2.31309469204699 2.44064675480922 3.33902185141183 15.3796951472232 49.336067150348
ENSMUSG00000025804 0.735872521632721 0.665529220446883 14.9171137316751 40.4542095509891 11.6551033666698
ENSMUSG00000027750 4.74440726996369 4.39924598595625 8.19914299543124 46.093576133282 91.4680068541111
ENSMUSG00000041828 48.67462792155 36.1153380102322 5.42432469857504 5.66928099784422 2.16271421762482
ENSMUSG00000059498 2.18703953061677 2.34948763055313 11.8596573231141 40.8488538361599 34.2772329406792
ENSMUSG00000055148 1.72187598490897 68.5462059291522 5.43890495801136 3.90206289881524 6.12204213370641
ENSMUSG00000039899 1.21076761671771 59.1011763560391 23.678727033328 23.2941207467978 8.90298419738559
ENSMUSG00000036887 4.53592046619763 3.69742590222917 2.96329445730601 16.761422976935 55.2962919429593
ENSMUSG00000020758 2.33627224408311 2.65171552859439 9.18060220895972 8.63842602354696 45.9165642999993
ENSMUSG00000051439 1.48450637416177 17.316568828989 28.1089533476977 41.6451227742132 6.98287618257539
ENSMUSG00000028581 4.53215963193056 4.34804397629536 11.7178999568068 53.7841979271036 48.1988461201605
ENSMUSG00000050359 0.65383769432655 8.30816109668207 54.1440383585058 34.9681694401527 0.0786332331349215
ENSMUSG00000036545 5.39584542987318 4.73103612645761 6.30775782103863 11.8143580061223 111.155583609877
ENSMUSG00000032035 6.51633901615611 50.3044716693649 43.3739699649491 31.9130564163245 65.6096858810914
ENSMUSG00000054855 2.35225438568474 58.245300072392 52.6282014675744 23.2481406746251 2.63145045762914
ENSMUSG00000063796 33.7958422098258 24.9732981214805 3.86854913130191 5.96523508946571 2.88588944055765
ENSMUSG00000042793 0.499593707155397 0.773100717777437 9.29504250319475 18.4535168723475 32.8013145891685
ENSMUSG00000027398 1.20212694182902 4.96508289307613 23.1086393411009 42.0641306517282 13.2698117286575
ENSMUSG00000040747 1.08642269909505 1.15180045933243 10.4915912921855 35.3424086749653 10.2000775569271
ENSMUSG00000018920 2.61480820773695 10.495227636499 10.4028028041426 12.2395893489818 35.7224736152298
ENSMUSG00000020099 11.1768215624484 11.4433842508751 11.4439018647532 15.1728503606935 56.7659263260731
ENSMUSG00000079293 1.7996017881058 1.26658416936826 11.8937822273755 41.1112063874 17.6264284109205
ENSMUSG00000027859 2.58495355078095 87.1675885793954 28.1801198156944 24.7034293482053 8.30347884880829
ENSMUSG00000060924 2.23135421652595 5.48917846666736 10.6437688173282 20.8494219392253 42.6210045722664
ENSMUSG00000040488 5.54405476837319 10.2871293338725 9.77445211848905 6.40804059290759 68.9484409864925
ENSMUSG00000042377 2.59333632924187 71.0442376802057 16.9298573404507 7.2234972156033 2.59415578507591
ENSMUSG00000028268 2.18219618391173 25.9311035953966 25.6092477571837 10.7816262595779 16.767173932225
ENSMUSG00000024691 1.85944580000912 1.62516554926376 15.5435113708137 36.9578433741371 5.01835098017716
ENSMUSG00000053930 5.82526081004549 9.61424006245971 14.9104300181545 25.9483074820514 26.0795949789574
ENSMUSG00000050370 3.83507803214855 26.5492416062234 26.2403268421156 29.8042053812749 1.98411447655234
ENSMUSG00000036896 5.91464747266982 4.18810610956899 3.26244396999728 16.0242737112743 50.6557127853767
ENSMUSG00000036905 5.47430817354552 4.51823444337333 4.88404014258759 19.4170673917813 46.2735118866978
ENSMUSG00000027500 2.39875160131736 2.3009082523418 5.43884653684977 4.28589737465979 49.4250425413413
ENSMUSG00000025746 0.0825504166060347 27.6397623814773 2.70168693866408 2.73672788315394 7.03680616879472
ENSMUSG00000061808 30.9916989555601 13.4230176631703 2.22733663391097 5.60791280608494 0.230851588194771
ENSMUSG00000027469 8.57674567716929 5.94587395972257 16.5841030405982 57.0313675560009 9.13750251063474
ENSMUSG00000032338 2.28896733395692 56.5280886656687 1.18754600057338 1.59424545862857 0.841741530997639
ENSMUSG00000032744 1.33295984638826 1.26288029231623 0.795593724303907 2.51568702263407 41.4832236027511
ENSMUSG00000033730 2.19494292327091 77.0109124497034 9.63645998745113 5.60593569918571 11.4014423113611
ENSMUSG00000026395 1.8001519340543 2.98620776541851 9.35457384827153 19.4323684478833 38.4238763406264
ENSMUSG00000022218 1.48068812528667 34.5001027676878 33.534052219399 29.6858065956319 1.57609094076556
ENSMUSG00000068196 7.91942991830971 11.0584771466552 24.8310826022301 41.1772019257114 97.9181727409244
ENSMUSG00000030110 3.88218981413907 5.74146691866931 12.5381876249984 12.3259810548459 34.5403849100768
ENSMUSG00000025930 0 0 0.214827585871789 0.572797573417868 39.3867629491316
ENSMUSG00000066361 0.326363768879279 0.0431092193469971 8.73382726335947 38.9962769417003 0.0831057060722539
ENSMUSG00000003779 3.21057953864352 2.97556646191093 6.26545293899398 48.9528655829603 6.6536951919162
ENSMUSG00000073514 2.18847268634385 1.6524120926911 2.1846787484156 2.97777956655538 33.390438331165
ENSMUSG00000079138 0.884976513749799 44.7554316546156 0.539128754528062 0.156781866146582 0.260818018452174
ENSMUSG00000024803 1.39680229147216 16.6239722080177 31.2244177135633 14.4991990339729 26.5768262399908
ENSMUSG00000028068 4.15845518483004 3.02983468900779 9.31760464083237 37.7647090999293 7.82003420971603
ENSMUSG00000110622 0.53448569388353 53.1806366589596 0.690644893470557 0.179692945481765 0.770287916781253
ENSMUSG00000038943 5.97431009670436 2.60684248317638 11.7309549684055 68.2385747886735 8.27240355206993
ENSMUSG00000019942 3.22401714367431 1.88941283479926 6.26707950439491 38.4584217955404 3.72040320401623
ENSMUSG00000036777 5.47099580268379 5.38742290478824 17.1226072276054 88.654524751834 8.77225712102809
ENSMUSG00000070469 0.938831263865155 1.81260514084053 2.63111602832055 8.85271471409891 58.9716133490868
ENSMUSG00000058427 1.53507451821475 74.7302452372826 66.5188774274348 27.4468160607608 1.48824149730323
ENSMUSG00000049538 0.796262788725131 11.0144883155735 1.98244015236124 5.78122779132719 75.669627140944
ENSMUSG00000036422 1.2503354803292 3.3604013513543 0.756608478597015 0.988162060169499 48.3357853957946
ENSMUSG00000020000 0.333578209139436 0.101087527043178 0.586938075227308 6.52864490616456 36.4124245252292
ENSMUSG00000106121 1.80296143185407 65.7266585344043 5.37046931595855 0.65870072359998 3.45709000678373
ENSMUSG00000042282 15.0209553515327 36.9636255193447 8.02272463777962 5.53291791871509 0.344985728145298
ENSMUSG00000020649 3.85809892762161 2.16777281609227 19.3903267345739 65.8612356287171 4.11566772265877
ENSMUSG00000030790 1.55843925763677 41.477122203123 9.01417512840619 3.9518845937294 4.50264188258707
ENSMUSG00000029380 1.85140993387259 51.3976620667615 33.9004266772413 12.3079992172572 0.633544182640571
ENSMUSG00000074280 40.6320151054096 25.0240395979937 16.7403981570461 17.653769195304 0
ENSMUSG00000061527 1.7334283185634 36.8569260892845 13.5988421178425 1.6934983140889 6.11947970569258
ENSMUSG00000020912 1.29959471995866 64.7421127848993 10.4638363472914 3.4451008793606 0.899789914200772
