Symbol	Rank	DevE10.5(PVal)affy430	DevE11.5(PVal)affy430	DevE12.5(PVal)affy430	DevE16.5(PVal)affy430	DevE17.5(PVal)affy430	DevE19.5(PVal)affy430	DevP0(PVal)affy430	DevP2(PVal)affy430	DevP56(PVal)affy430	DevP28Epi(PVal)affy430	DevE9.5a(PVal)lumi2	DevE9.5b(PVal)lumi2	DevE10.5a(PVal)lumi2	DevE10.5b(PVal)lumi2	DevP4(PVal)lumi2	DevP8(PVal)lumi2	DevP12(PVal)lumi2	DevP20(PVal)lumi2	DevP30(PVal)lumi2	DevP42(PVal)lumi2	DevP52(PVal)lumi2	DevP60(PVal)lumi2	DevE9.5(PVal)lumi1	DevE10.25(PVal)lumi1	DevE15.5(PVal)affy430a	DevP0a(PVal)affy430a	DevP0b(PVal)affy430a

Ckap2l	-	0.78	1	0.01	0	0	0	0	0.16	0	0.17	0.02	0	0.03	0.48	0.03	0.01	0.01	0.01	0.23	0	0.02	0	0.12	0.01	-	-	-
Ckmt2	-	0.97	0.71	0.82	0.23	0.06	0.43	0	0.41	0	0	0.65	0.57	0.96	0.79	0.01	0	0	0	0.01	0	0	0	-	-	0.07	0	0
Cks1b	-	0.1	0.93	0.04	0	0	0	0	0	0	0	0	0	0	0	0.83	0.91	0.84	0.81	0.87	0.97	0.95	0.86	0	0	0	0	0
Cks2	-	0.63	0.59	0	0	0	0	0	0	0	0	0	0	0	0	0.77	0.91	0.88	0.8	0.97	0.86	0.94	0.99	0	0	0.01	0	0
Clca2	-	0.85	0.54	0.83	0.31	0.44	0.73	0.12	0.01	0.02	0.72	-	-	-	-	-	-	-	-	-	-	-	-	-	-	-	-	-
Clcf1	-	0.84	0.23	0.79	0	0	0.05	0.08	0.8	0.73	0	-	-	-	-	-	-	-	-	-	-	-	-	-	-	0	0	0
Cldn10	-	0	0.06	0.31	0.01	0.04	0.19	0.77	0	0	0	0.26	0.42	0.31	0.22	0.44	0.75	0.83	0.59	0	0.79	0.05	0	-	-	0.02	0.06	0
Cldn5	-	0.01	0	0	0.06	0.02	0.24	0.01	0.06	0	0	0	0	0	0	0	0	0	0	0	0	0	0	0	0	0.45	0.08	0.99
Clec11a	-	0.42	0.77	0.65	0.02	0.7	0.1	0.44	0.06	0	0	0.38	1	0.37	0.94	0.27	0.13	0.17	0	0.09	0.01	0	0	-	-	0	0.29	0
Clec4a2	-	0.15	0.4	0.17	0.27	0.02	0.1	0.01	0.03	0.01	0.04	-	-	-	-	-	-	-	-	-	-	-	-	-	-	0.86	0.49	0.97
Clec4d	-	0.36	0.76	1	0.44	0.34	0.15	0.11	0.86	0.08	0.55	-	-	-	-	-	-	-	-	-	-	-	-	-	-	-	-	-
Clec4e	-	0.59	0.44	0.87	0.03	0.45	0.34	0.52	0.88	0.32	0.2	-	-	-	-	-	-	-	-	-	-	-	-	-	-	-	-	-
Clec4n	-	0.94	0.65	0.28	0.05	0.6	0.65	0.41	0.66	0.18	0.78	-	-	-	-	-	-	-	-	-	-	-	-	-	-	0.07	0.67	0.47
Clec7a	-	0	0.03	0	0.67	0.6	0.15	0.02	0.03	0.39	0.02	0.69	0.95	0	0.13	0.9	0.45	0.71	0.9	0.65	0.8	0.83	0.57	0	0.05	0.01	0.13	0.08
Clhc1	-	0.14	0.78	0	0	0	0	0	0	0	0	-	-	-	-	-	-	-	-	-	-	-	-	-	-	-	-	-
Clic1	-	0	0.31	0.89	0.1	0.02	0	0	0.85	0	0.47	0.34	0.19	0.03	0.45	0.55	0.82	0.7	0.47	0.97	0.8	0.5	0.58	-	-	0.73	0.05	0.03
Clic4	-	0.01	0	0	0	0	0	0	0	0	0	0	0	0.24	0.03	0	0	0	0	0	0	0	0	0	0.11	0.02	0	0
Clspn	-	0.43	0.01	0	0	0	0	0	0	0	0	0.81	0.32	0.02	0.01	0	0	0	0	0	0	0	0	0.2	0.81	-	-	-
Clstn2	-	0	0.88	0.03	0	0	0	0	0	0.06	0	-	-	-	-	-	-	-	-	-	-	-	-	-	-	0	0.68	0.66
Clstn3	-	0.22	0.23	0.08	0.01	0	0	0.04	0.33	0.02	0.81	0.52	0.02	0.29	0.01	0.56	0.73	0.77	0.71	0.94	0.86	0.84	0.62	0.82	0.17	0	0	0
Cmklr1	-	0.12	0.32	0.3	0	0.49	0.54	0.95	0.11	0.42	0	-	-	-	-	-	-	-	-	-	-	-	-	-	-	-	-	-
Cmpk2	-	0	0.02	0	0.02	0	0.02	0	0	0.04	0	-	-	-	-	-	-	-	-	-	-	-	-	-	-	0.01	0.01	0
Cmtm3	-	0	0	0	0	0	0	0	0	0	0	-	-	-	-	-	-	-	-	-	-	-	-	-	-	0	0	0
Cnksr1	-	0	0.16	0.63	0.33	0.47	0.53	0.61	0	0	0	0.86	0.17	0.49	0.23	0.92	0.68	0.23	0	0	0	0	0	0.28	0.49	-	-	-
Cnn2	-	0.04	0.01	0	0	0	0	0	0	0	0	0	0	0.01	0.07	0	0	0	0	0	0	0	0	0.37	0.24	0.08	0	0
Cnnm1	-	0.29	0.47	0.87	0.05	0.03	0.72	0.02	0.28	0.04	0.02	-	-	-	-	-	-	-	-	-	-	-	-	-	-	-	-	-
Cnr1	-	0.28	0.3	0.01	0.01	0	0	0	0.01	0.49	0.06	0.01	0.02	0.07	0.11	0.61	0.49	0.5	0.34	0.72	0.77	0.73	0	0.12	0.62	0	0	0
Cntfr	-	0.02	0.2	0.21	0.08	0.99	0.45	0.67	0.03	0.95	0	0.81	0.16	0.06	0.15	0.3	0.71	0.59	0.86	0.56	0.94	0.69	0.27	0.05	0.23	0.28	0	0
Cntn4	-	0.85	0.62	0.13	0.68	0.4	0.21	0.65	0.2	0.55	0	-	-	-	-	-	-	-	-	-	-	-	-	-	-	0	0	0
Cntn6	-	0	0	0	0	0	0	0	0	0	0	0.88	0.58	0.04	0.6	0	0	0	0	0	0	0	0	0.42	0.81	0	0	0
Col12a1	-	0	0	0	0	0	0	0	0	0	0	0.19	0	0.77	0.02	0.37	0	0.01	0.04	0.12	0.11	0.01	0.4	-	-	-	-	-
Col16a1	-	0	0	0.01	0.02	0	0.01	0	0	0.02	0.52	0	0	0	0	0.01	0.07	0.03	0.03	0.53	0.1	0.12	0.05	-	-	0	0	0
Col1a1	-	0	0	0	0	0	0	0	0	0	0.01	0	0	0	0	0	0	0	0	0	0	0	0	-	-	0.44	0.64	0.79
Col22a1	-	0	0.01	0.02	0	0	0	0	0.09	0.01	0.45	-	-	-	-	-	-	-	-	-	-	-	-	-	-	0.05	0.02	0.01
Col24a1	-	0	0.02	0	0	0	0.19	0	0	0.01	0	0.34	0.4	0.32	0.95	0.48	0.49	0.05	0.99	0.14	0.61	0.04	0.15	-	-	-	-	-
Col27a1	-	0	0	0	0	0	0	0	0	0	0	0.08	0.01	0	0	0.01	0.52	0.91	0.01	0.01	0.03	0.94	0.05	-	-	-	-	-
Col2a1	-	0	0	0	0	0	0	0	0	0	0	0.86	0	0.76	0.26	0	0	0	0	0	0	0	0	0.92	0.95	0	0	0
Col3a1	-	0	0	0	0	0	0	0	0	0	0	0.53	0	0.05	0.05	0.05	0.05	0.06	0.08	0.14	0.05	0.05	0.07	0.09	0.07	0	0	0
Col4a1	-	0	0	0	0	0	0	0	0	0	0	0	0	0	0	0	0	0	0	0	0	0	0	0	0.03	0	0	0
Col4a2	-	0	0	0	0	0	0	0	0	0	0	0	0	0	0	0	0	0	0	0	0	0	0	-	-	0	0	0
Col4a4	-	0.64	0.53	0.97	0	0	0	0	0	0	0	0.59	0.82	0.55	0.93	0	0	0	0	0	0	0	0	-	-	0.72	0	0
Col5a1	-	0	0	0	0	0	0	0	0	0	0	0	0.97	0	0	0	0	0	0	0	0	0	0	0.75	0.01	0	0	0
Col5a2	-	0	0	0	0	0	0	0	0	0	0	0	0	0.14	0	0.06	0.17	0.01	0.07	0.03	0.25	0.06	0.02	-	-	0	0	0
Col5a3	-	0.06	0.66	0.9	0.02	0	0.01	0.08	0.8	0.68	0.09	-	-	-	-	-	-	-	-	-	-	-	-	-	-	0	0	0
Col6a4	-	0.02	0.64	0.68	0.02	0.04	0.79	0.03	0.97	0.71	0.88	-	-	-	-	-	-	-	-	-	-	-	-	-	-	-	-	-
Col7a1	-	0.99	0.34	0.56	0.72	0.82	0.98	0.49	0.65	0.19	0.04	0.13	0.45	0.16	0.01	0.77	0.18	0.58	0.12	0.9	0.65	0.6	0.1	-	-	0	0.21	0.2
Col8a1	-	0	0	0	0.72	0	0.01	0.01	0.54	0	0.08	0	0.01	0.01	0	0.92	0.01	0.03	0.08	0.01	0.04	0.02	0	-	-	0	0	0
Col8a2	-	0	0	0	0	0	0	0	0	0	0.06	0	0	0	0	0	0	0	0	0	0	0	0.01	-	-	-	-	-
Col9a1	-	0.03	0.63	0.05	0.01	0.58	0.01	0.48	0.59	0.02	0	0.81	0.12	0.43	0.04	0.9	0.97	0.77	0.88	0.71	0.8	0.76	0.76	0.04	0.6	0	0	0
Colgalt2	-	0	0	0	0	0	0	0	0	0	0	-	-	-	-	-	-	-	-	-	-	-	-	-	-	-	-	-
Copz2	-	0.03	0.26	0.47	0	0	0	0	0	0	0	0	0	0	0	0	0	0	0	0	0	0	0	0	0	0	0.03	0
Coro1a	-	0.01	0.99	0.08	0	0	0	0	0	0	0	0	0	0	0	0	0	0	0	0	0	0	0	0	0.22	0.25	0.07	0.48
Coro1c	-	0.11	0.05	0.32	0	0	0	0	0	0	0	0	0	0	0	0.04	0	0	0	0.11	0	0	0	0	0	0	0	0
Coro2a	-	0.69	0.04	0	0.01	0	0.56	0	0.01	0.34	0.01	0.31	0.7	0.87	0.3	0.81	0.99	0.84	0.77	0.16	0.97	0.58	0.02	-	-	0	0.01	0.05
Cp	-	0	0	0	0	0	0	0	0	0	0	0.89	0.88	0.02	0.78	0	0	0	0	0	0	0	0	0.03	0.03	0	0	0
Cpne4	-	0.47	0.43	0.56	0.38	0.08	0.55	0.28	0.88	0.02	0.42	0.24	0.08	0.11	0.64	0.19	0.89	0.82	0.03	0.02	0.38	0.59	0	-	-	-	-	-
Cpq	-	0.97	0.14	0	0	0	0	0	0	0	0	-	-	-	-	-	-	-	-	-	-	-	-	-	-	0	0	0
Cpxm1	-	0	0	0	0	0	0.08	0	0	0.58	0	0	0	0	0	0	0	0	0	0	0	0	0	0	0	0	0.19	0.61
Cpz	-	0	0	0	0	0	0	0	0	0	0	0.13	0.18	0.22	0.46	0	0	0	0	0	0	0	0	-	-	0	0	0
Crabp1	-	0.13	0	0	0	0	0	0	0	0	0	0	0	0	0	0	0	0	0	0	0	0	0	0	0	0.01	0	0
Crabp2	-	0.02	0.18	0	0	0	0	0	0	0	0	0	0.3	0	0	0	0	0	0	0	0	0	0	0	0	0	0	0
Crebl2	-	0.47	1	0.37	0.11	0.28	0.06	0	0.03	0	0	0.05	0.9	0.77	0.2	0.84	0.9	0.88	0.81	0.05	0.38	0.34	0.15	0.04	0.64	-	-	-
Creg2	-	0.06	0.57	0.18	0.1	0.02	0.54	0.25	0.69	0.59	0.11	-	-	-	-	-	-	-	-	-	-	-	-	-	-	-	-	-
Crim1	-	0	0	0	0	0	0	0	0	0	0	0.92	0.18	0	0.63	0	0	0	0	0	0	0	0	-	-	0	0	0
Crip1	-	0.02	0.55	0.16	0.38	0.01	0.49	0	0.02	0	0.07	-	-	-	-	-	-	-	-	-	-	-	-	-	-	0.08	0	0.28
Crisp2	-	0.64	0.52	0.69	0.79	0.54	0.3	0.53	0.04	0	0	-	-	-	-	-	-	-	-	-	-	-	-	-	-	0.33	0.23	0.54
Crispld2	-	0	0.27	0.54	0	0	0	0	0	0.01	0	0.01	0.02	0.08	0.01	0	0.12	0.07	0	0.02	0.18	0.07	0.06	-	-	-	-	-
Crlf1	-	0	0	0	0	0	0	0	0	0	0	0	0	0	0	0	0	0	0	0	0	0	0	-	-	-	-	-
Cryaa	-	0	0	0	0	0	0	0	0	0	0	0.39	0.52	0	0.2	0	0	0	0	0	0	0	0	-	-	0	0	0
Cryab	-	0	0	0	0	0	0	0	0	0	0	0.39	0.47	0	0.87	0	0	0	0	0	0	0	0	-	-	0	0	0
Cryba1	-	0	0	0	0	0	0	0	0	0	0	0.5	0.61	0	0.58	0	0	0	0	0	0	0	0	0.66	0.37	0	0	0
Cryba2	-	0	0	0	0	0	0	0	0	0	0	0.16	0.1	0.48	0.12	0	0	0	0	0	0	0	0	-	-	0	0	0
Cryba4	-	0	0	0	0	0	0	0	0	0	0	0.44	0.31	0.96	0.43	0	0	0	0	0	0	0	0	-	-	0	0	0
Crybb1	-	0	0	0	0	0	0	0	0	0	0	0.26	0.19	0.92	0.26	0	0	0	0	0	0	0	0	-	-	0	0	0
Crybb2	-	0	0	0	0	0	0	0	0	0	0	0.99	0.92	0.17	0.9	0	0	0	0	0	0	0	0	-	-	0	0	0
Crybg3	-	0	0	0	0	0	0	0.01	0	0.21	0	0.1	0	0.19	0	0.99	0.87	0.96	0.91	0.32	0.97	0.93	1	0	0	0	0.68	0.12
Cryga	-	0	0	0	0	0	0	0	0	0	0	0.66	0.59	0.71	0.65	0	0	0	0	0	0	0	0	-	-	0	0	0
Crygb	-	0	0	0	0	0	0	0	0	0	0	0.04	0.11	0.55	0.55	0	0	0	0	0	0	0	0	0.29	0.14	0	0	0
Crygc	-	0	0	0	0	0	0	0	0	0	0	0.28	0.79	0	0.67	0	0	0	0	0	0	0	0	0.16	0	0	0	0
Crygd	-	0	0	0	0	0	0	0	0	0	0	0.19	0.29	0.89	0.36	0	0	0	0	0	0	0	0	-	-	0	0	0
Cryge	-	-	-	-	-	-	-	-	-	-	-	0.01	0.28	0	0.01	0	0	0	0	0	0	0	0	0	0	-	-	-
Crygf	-	0	0.02	0	0	0	0	0	0	0	0	0.95	0.94	0.93	0.99	0	0	0	0	0	0	0	0	-	-	0	0	0
Crygn	-	0	0	0	0	0	0	0	0	0	0	0.33	0.07	0.01	0.1	0	0	0	0	0	0	0	0	0.52	0.03	0	0	0
Crygs	-	0	0	0	0	0	0	0	0	0	0	0.71	0.69	0.18	0.67	0	0	0	0	0	0	0	0	-	-	0	0	0
Crym	-	0	0	0.24	0	0	0	0	0.93	0	0	0.43	0.16	0	0.17	0	0	0	0	0	0	0	0	-	-	0.21	0.47	0.65
Csad	-	0	0	0	0	0	0	0	0	0	0	0	0	0	0	0	0	0	0	0	0	0	0	-	-	0.05	0.05	0.03
Csf1	-	0.76	0.39	0.6	0.63	0.31	0.96	0.1	0.09	0.34	0.99	0.51	0.5	0.47	0.02	0.74	0.46	0.16	0.13	0.75	0.24	0.44	0.26	-	-	0.49	0	0.02
Csf2rb	-	0.72	0.97	0.29	0.03	0.13	0.4	0.64	0.03	0.31	0.1	0.68	0.87	0.37	0.87	0.35	0.13	0.13	0.02	0	0.09	0.73	0	-	-	-	-	-
Csf2rb2	-	0.5	0.63	0.49	0.42	0.79	1	0.3	0.23	0.4	0.89	-	-	-	-	-	-	-	-	-	-	-	-	-	-	0.86	0	0
Csf3r	-	-	-	-	-	-	-	-	-	-	-	0.28	0.28	0.14	0.78	0.45	0.35	0.61	0.8	0.4	0.65	0.78	0.65	-	-	-	-	-
Csgalnact1	-	0	0	0	0.05	0.01	0.07	0.01	0	0	0.41	0.45	0.44	0.86	0.3	0.35	0.39	0.31	0.16	0.11	0.23	0.46	0	-	-	0.39	0.85	0.24
Csmd2	-	0.85	0.67	0.93	0	0	0	0	0	0.73	0	-	-	-	-	-	-	-	-	-	-	-	-	-	-	-	-	-
Csn3	-	0	0	0.05	0.37	0.54	0.91	0.46	0.42	0.08	0.51	0	0.47	0.03	0.17	0.82	0.49	0.44	0.38	0.6	0.73	0.49	0.88	-	-	0.8	0.2	0.39
Cspg4	-	0.01	0.08	0.92	0.21	0.16	0.26	0.17	0.67	0.28	0.83	0	0	0	0	0.97	0.29	0.69	0.59	0.58	0.56	0.81	0.01	0	0	0.02	0.09	0
Cspg5	-	0	0	0	0	0	0	0	0	0	0.01	0.83	0.22	0.63	0.33	0	0	0	0	0	0	0	0	-	-	0	0	0
Cstb	-	0.47	0.05	0.16	0.25	0.07	0.67	0.4	0.05	0.11	0.02	0	0	0	0	0.22	0.32	0.8	0.96	0.41	0.63	0.94	0.7	0.01	0	0	0.06	0.01
Ctf1	-	0.31	0.05	0.08	0.44	0.66	0.08	0.45	0.4	0	0	0.26	0.11	0.39	0.08	0.05	0.04	0	0	0	0	0	0	-	-	0	0	0
Ctgf	-	0.2	0.03	0.01	0.42	0.33	0.56	0.01	0	0	0	0.01	0.11	0.15	0.45	0.34	0.96	0.62	0.02	0	0	0	0	0.05	0	0.02	0	0
Cthrc1	-	0	0	0	0	0	0	0	0.02	0	0.63	0	0	0	0	0.52	0	0.37	0.03	0	0.57	0.98	0.09	0	0.12	-	-	-
Ctla2b	-	0.01	0.15	0.19	0.52	0.04	0.36	0.07	0.06	0	0.01	-	-	-	-	-	-	-	-	-	-	-	-	-	-	0.44	0.12	0.23
Ctnna2	-	0	0	0.33	0	0	0	0	0	0	0.02	0.05	0.7	0.21	0.67	0	0	0	0	0	0	0	0	0.27	0.26	0	0	0
Ctps	-	0.15	0.72	0.1	0	0.1	0	0	0	0	0	0	0	0	0	0	0	0	0	0	0	0	0	0	0	0	0.06	0.03
Ctsc	-	0	0.44	0.48	0.37	0.33	0.02	0.09	0.01	0.34	0	0.74	0.15	0.86	0.38	0.15	0.63	0.97	0.63	0.92	0.73	0.88	0.64	-	-	0.45	0	0
Ctsd	-	0	0	0	0	0	0	0	0	0	0	0	0	0	0	0.64	1	0.75	0.6	0.4	0.92	0.89	0.29	-	-	0	0	0
Ctsf	-	0	0	0	0	0	0	0	0	0	0	0.26	0.36	0.15	0.14	0	0	0	0	0	0	0	0	0.45	0.52	0.03	0	0.78
Ctsh	-	0.01	0.09	0.05	0.01	0.06	0	0.1	0	0	0	0.46	0.46	0.3	0.21	0.66	0.15	0.1	0.06	0.71	0.38	0.45	0.01	-	-	0.02	0	0
Ctss	-	0.01	0	0.01	0	0.59	0.39	0.15	0.45	0.52	0.81	0.88	0.99	0	0.77	0.46	0.66	0.99	0.66	0.2	1	0.88	0.57	-	-	0	0.71	0.46
Cubn	-	0.22	0.04	0	0	0	0.06	0	0.01	0	0	0.99	0.84	0.92	0.15	0.89	0.44	0.82	0.85	0.01	0	0.01	0.08	-	-	0.21	0.17	0.19
Cux2	-	0.48	0.51	0.49	0	0	0	0	0	0	0	0.88	0.99	0.53	0.95	0.91	0.75	0.93	0.77	0.25	0.72	0.72	0.58	0.55	0.81	0	0.17	0.23
Cx3cr1	-	0	0.09	0.11	0	0.04	0.08	0.69	0.6	0.7	0.23	0.11	0.08	0.02	0.13	0.12	0.1	0.16	0.07	0.12	0.05	0.08	0.01	-	-	0.09	0.02	0.06
Cxcl1	-	0.25	0.82	0.97	0.02	0	0.99	0	0	0	0	0.02	0.65	0.64	0.53	0.52	0.74	0.56	0.78	0.82	0.42	0.74	0.34	-	-	0.29	0.59	0
Cxcl12	-	0	0	0	0	0	0	0	0	0	0	0	0.08	0.1	0.08	0.12	0.09	0.1	0.2	0.08	0.09	0.09	0.94	0.65	0.4	0	0	0
Cxcl16	-	0.09	0.51	0.76	0.66	0.44	0.26	0.49	0	0.03	0.41	0.2	0.48	0.49	0.36	0.16	0.38	0.42	0.57	0.73	0.49	0.58	0.52	-	-	-	-	-
Cxcl2	-	0.9	0.97	0.78	0.93	0.78	0.23	0.92	0.57	0.09	0	-	-	-	-	-	-	-	-	-	-	-	-	-	-	-	-	-
Cxcl3	-	0.19	0.62	0.76	0.4	0.87	0.18	0.79	0.9	0.5	0.43	-	-	-	-	-	-	-	-	-	-	-	-	-	-	-	-	-
Cxcl5	-	0.27	0	0.95	0.77	0.11	0.12	0.18	0.64	0.17	0.24	-	-	-	-	-	-	-	-	-	-	-	-	-	-	0.54	0.21	0.17
Cxcr4	-	0	0	0	0.22	0	0	0	0.15	0	0	0	0	0	0.01	0	0	0	0	0	0	0	0	-	-	0	0	0.1
Cxx1c	-	0.01	0.82	0.01	0	0	0	0.01	0	0	0	0.62	0.03	0.01	0.02	0	0	0	0	0	0	0	0	-	-	0.23	0.06	0.06
Cyb561a3	-	0.01	0.52	0.38	0.42	0.17	0.06	0.37	0.82	0	0	-	-	-	-	-	-	-	-	-	-	-	-	-	-	-	-	-
Cyba	-	0.02	0	0	0	0	0.71	0.17	0.12	0	0	0	0	0	0	0	0.03	0.19	0.25	0.06	0	0	0.01	-	-	0.92	0.25	0.16
Cybrd1	-	0.08	0.02	0.01	0.01	0	0	0	0	0	0	0.61	0.72	0.17	0.93	0.49	0.9	0.22	0.12	0.01	0	0	0.05	-	-	0	0	0.02
Cyp1b1	-	0.08	0.03	0	0	0	0	0	0	0	0	0	0	0.3	0.01	0.15	0.17	0.29	0.33	0.5	0.45	0.38	0.25	0.1	0.06	0.19	0.02	0.46
Cyp20a1	-	0.58	0.75	0.49	0.01	0.23	0.93	0.04	0	0.4	0.41	0.62	0.52	0.29	0.66	0.2	0.66	0.81	0.92	0.22	0.91	0.45	0.23	0.33	0.45	-	-	-
Cyp2j13	-	0.58	0.83	0.45	0.08	0.17	0.46	0.04	0	0.02	0.03	-	-	-	-	-	-	-	-	-	-	-	-	-	-	-	-	-
Cyp4f14	-	-	-	-	-	-	-	-	-	-	-	0.76	0.52	0.65	0.76	0.71	0.42	0.6	0	0	0	0	0	-	-	-	-	-
Cyp4f18	-	-	-	-	-	-	-	-	-	-	-	0.66	0.56	0.81	0.42	0.1	0.43	0.99	0.45	0	0.14	0.01	0.93	-	-	-	-	-
Cyp4v3	-	0	0	0	0	0	0	0	0	0	0	0.84	0.31	0	0.15	0	0	0	0	0	0	0	0	0.56	0.01	0	0	0
Cyr61	-	0	0	0	0	0	0	0	0	0	0.57	0.11	0	0.05	0.03	0.28	0.51	0.31	0.61	0.3	0	0.61	0.99	0.28	0.48	0.21	0.89	0.03
Cys1	-	0	0	0.02	0	0	0	0	0	0	0	-	-	-	-	-	-	-	-	-	-	-	-	-	-	0	0	0.02
Cyth4	-	-	-	-	-	-	-	-	-	-	-	0.03	0.09	0.02	0.25	0.19	0.82	0.66	0.94	0.58	0.68	0.66	0.42	0.01	0.02	-	-	-
Cytip	-	0.31	0.17	0.39	0.71	0.05	0.29	0.12	0.29	0.17	0.51	-	-	-	-	-	-	-	-	-	-	-	-	-	-	0.05	0.47	0.38
D130020L05Rik	-	0	0.02	0	0	0	0	0	0	0	0	-	-	-	-	-	-	-	-	-	-	-	-	-	-	-	-	-
D3Ertd751e	-	0.54	0.96	0.44	0	0.16	0.91	0	0.03	0.73	0.05	0	0.35	0.64	0.36	1	0.94	0.86	0.9	0.9	0.86	0.81	0.66	-	-	-	-	-
D430020J02Rik	-	0.09	0.17	0.41	0	0	0	0	0	0.01	0	-	-	-	-	-	-	-	-	-	-	-	-	-	-	-	-	-
D630024D03Rik	-	0.57	0.17	0	0	0	0	0	0	0	0	-	-	-	-	-	-	-	-	-	-	-	-	-	-	-	-	-
D630045J12Rik	-	0	0.02	0	0	0	0	0	0	0.05	0	-	-	-	-	-	-	-	-	-	-	-	-	-	-	-	-	-
D7Ertd715e	-	0.01	0.13	0	0	0.82	0.01	0.7	0.83	0.1	0.14	-	-	-	-	-	-	-	-	-	-	-	-	-	-	-	-	-
Daam2	-	0.32	0.02	0	0	0	0	0	0	0.82	0	0	0	0.22	0.26	0.94	0.92	0.84	0.91	0.95	0.91	0.99	0.98	0	0.01	-	-	-
Dab1	-	0.3	0.34	0.2	0	0.01	0	0.03	0.04	0	0	0.43	0	0.14	0.04	0.05	0.75	0.41	0.02	0.02	0	0.01	0.01	0	0.01	0	0	0
Dab2	-	0	0	0	0	0	0	0	0	0	0	0	0.72	0.01	0.41	0	0	0	0	0	0	0	0	0.05	0.01	0.25	0.27	0.95
Dapk1	-	0	0	0.3	0.04	0	0	0.01	0.35	0.05	0	0.13	0.01	0.09	0	0.48	0.47	0.42	0.23	0.29	0.34	0.44	0.42	0.06	0.08	0.01	0	0.02
Dapl1	-	0.03	0.02	0.02	0	0	0	0	0	0	0	0.62	0.01	0.33	0.15	0	0	0	0	0	0	0	0	0.05	0.18	-	-	-
Dbf4	-	0.01	0.87	0	0	0	0	0	0	0	0	0	0	0	0	0	0	0	0	0.66	0	0	0	-	-	0.07	0	0
Dbndd2	-	0.51	0.21	0.81	0	0	0.02	0	0	0	0	0.57	0.41	0.11	0.34	0.91	0.76	0.91	0.9	0.55	0.64	0.53	0.18	0.05	0.43	0.03	0	0
Dbp	-	0.09	0	0	0	0	0	0	0.08	0	0	0	0	0	0	0	0	0	0	0	0	0	0	0	0	0	0	0
Dck	-	0	0	0	0	0	0	0	0	0	0	0	0.02	0	0.01	0.2	0.4	0.48	0.21	0.44	0.2	0.25	0.15	0.04	0.04	0.11	0.17	0
Dclk1	-	0	0	0	0	0	0.07	0	0.03	0	0	0	0	0	0	0	0	0	0	0	0	0	0	-	-	0	0	0
Dclk2	-	0	0.04	0.02	0.01	0	0	0	0.2	0.04	0	0	0	0	0.65	0	0	0	0	0	0	0	0	-	-	-	-	-
Dct	-	0.27	0	0.06	0.05	0	0	0	0	0	0	0.51	0.32	0.63	0	0.7	0.44	0.81	0.34	0.4	0.87	0.65	0.59	0.86	0.29	0	0	0
Ddb2	-	0.25	0.73	0.18	0.01	0	0	0	0.09	0	0	0.51	0.41	0.62	0.5	0.09	0.59	0.15	0	0	0	0	0.01	-	-	0	0	0
Ddx10	-	0.77	0.09	0.03	0.02	0	0.03	0	0	0	0.02	-	-	-	-	-	-	-	-	-	-	-	-	-	-	0	0	0
Ddx11	-	0.18	0.71	0.01	0	0	0.18	0	0	0	0	-	-	-	-	-	-	-	-	-	-	-	-	-	-	-	-	-
Ddx26b	-	0	0	0	0	0	0	0	0	0	0.02	0.82	0.86	0.49	0.39	0	0	0.13	0.24	0.2	0.63	0.65	0.92	0	0	0	0	0
Ddx39	-	0.01	0.07	0.9	0	0	0	0	0	0	0	0	0	0	0	0.78	0.95	0.96	0.98	0.92	0.94	0.87	0.98	0	0	0	0	0
Ddx58	-	0.13	0	0	0.15	0.39	0.17	0.75	0.02	0.1	0	0	0.83	0.21	0.65	0.77	0.81	0.58	0.52	0.11	0.84	0.68	0.55	-	-	-	-	-
Defb11	-	0.01	0.25	0.65	0.39	0.84	0.5	0.53	0.86	0.01	0.33	-	-	-	-	-	-	-	-	-	-	-	-	-	-	0	0.16	0.03
Defb9	-	0.97	0.99	0.77	0.63	0.07	0	0.4	0	0	0.07	-	-	-	-	-	-	-	-	-	-	-	-	-	-	0	0	0
Dennd1c	-	-	-	-	-	-	-	-	-	-	-	0.08	0.55	0.57	0.57	0.21	0.25	0.28	0.11	0.15	0.19	0.09	0.22	-	-	-	-	-
Depdc1a	-	0.29	0.01	0	0	0	0	0	0	0	0	0	0	0	0	0.25	0.41	0.64	0.43	0.19	0.71	0.91	0.55	-	-	0	0	0
Depdc1b	-	0.02	0	0	0	0	0	0	0	0	0	0.92	0.03	0.9	0	0	0.01	0.01	0	0	0	0	0	0	0.73	-	-	-
Dgat2	-	0.01	0.66	0.86	0.39	0.22	0.88	0.06	0.04	0.11	0.31	0	0	0	0	0	0	0	0	0	0	0	0	-	-	0.2	0.01	0.18
Dgkb	-	0	0	0	0	0	0	0	0	0	0	0.99	0.43	0	0.01	0.07	0.27	0.34	0.34	0.04	0.18	0.22	0	-	-	-	-	-
Dhfr	-	0.05	0.91	0	0	0	0	0	0	0	0	0.47	0	0	0.08	0.99	0.95	0.98	0.97	0.93	0.94	0.98	0.94	0	0.09	0.06	0.95	0.06
Dhh	-	0.85	0.48	0.61	0.43	0.75	0.71	0.48	0.11	0.03	0.01	0.22	0.23	0.82	0.11	0.7	0.66	0.53	0.62	0.16	0.66	0.55	0.1	-	-	-	-	-
Dhx32	-	0.02	0	0	0	0	0	0	0	0	0	0	0	0	0	0	0	0	0	0	0	0	0	0	0	0.95	0	0
Dhx58	-	0.2	0.53	0.71	0.86	0.13	0.21	0.55	0.01	0	0.68	-	-	-	-	-	-	-	-	-	-	-	-	-	-	0	0	0
Diap3	-	0.12	0.03	0	0	0	0.04	0	0	0	0.01	0	0.09	0.25	0.13	0.45	0.51	0.23	0.18	0.56	0.44	0.32	0.3	0.01	0.11	0	0	0
Dis3	-	0.16	0	0	0	0	0	0	0	0	0	0	0	0	0.04	0.9	0.64	0.3	0.42	0.78	0.46	0.52	0.47	0	0	0	0	0
Dixdc1	-	0	0	0.18	0.37	0.08	0.74	0.29	0.27	0.05	0	0.35	0.08	0.14	0.01	0.03	0.98	0.97	0.96	0	0.88	0.97	0.11	-	-	0.56	0.08	0
Dkk2	-	0	0.52	0	0	0	0	0	0	0	0	-	-	-	-	-	-	-	-	-	-	-	-	-	-	0	0	0
Dkk3	-	0	0	0	0	0	0	0	0	0	0	0	0.02	0	0	0	0	0	0	0	0	0	0	0	0	0	0	0
Dlgap5	-	0.31	0.29	0	0	0	0	0	0	0	0	0.01	0.04	0.03	0.05	0.69	0.12	0.19	0.11	0.14	0.1	0.09	0.07	-	-	0	0	0
Dmrta2	-	0	0	0	0	0	0	0	0	0	0	0	0	0	0	0	0	0	0	0	0	0	0	0	0	-	-	-
Dmtn	-	0	0	0.75	0	0	0.01	0	0.01	0.04	0.98	-	-	-	-	-	-	-	-	-	-	-	-	-	-	0.74	0.24	0.28
Dna2	-	0	0.59	0	0	0	0	0	0	0	0	0	0	0	0	0.71	0.62	0.8	0.94	0.69	0.89	0.83	0.95	0	0	0	0	0
Dnajc9	-	0.62	0.05	0	0	0	0	0	0	0	0	-	-	-	-	-	-	-	-	-	-	-	-	-	-	0.34	0	0
Dnase2b	-	0.13	0.75	0.84	0	0	0	0	0	0	0	0.77	0.67	0.52	0.84	0	0	0	0	0	0	0	0	-	-	0	0	0
Dnmt1	-	0.4	0	0	0	0	0	0	0	0	0	0	0	0	0	0	0	0	0	0	0	0	0	0	0	0	0.39	0.38
Dnph1	-	0.1	0.1	0.91	0	0	0	0	0	0	0	-	-	-	-	-	-	-	-	-	-	-	-	-	-	0.14	0	0
Dock10	-	0.11	0.04	0.15	0.09	0.01	0.09	0.01	0	0	0.02	-	-	-	-	-	-	-	-	-	-	-	-	-	-	-	-	-
Dock11	-	0	0	0	0	0	0	0	0	0	0	0	0	0.02	0	0.57	0.93	0.95	0.88	0.91	0.8	0.94	0.77	0.94	0.13	-	-	-
Dok1	-	0.53	0.63	0.21	0.26	0.3	0.01	0.02	0.14	0	0.08	0.69	0.01	0	0	0.52	1	0.9	0.76	0.92	0.86	0.85	0.94	0.45	0.04	0.1	0	0
Dok5	-	-	-	-	-	-	-	-	-	-	-	0.05	0.05	0.14	0.29	0.19	0.79	0.69	0.48	0.85	0.54	0.89	0.13	0.37	0.07	-	-	-
Donson	-	0.58	0.12	0	0	0	0	0	0	0	0	0.2	0.91	0.82	0.83	0.18	0.2	0.21	0.32	0.05	0.13	0.31	0.07	0.39	0.01	0.84	0.04	0.13
Dpep2	-	-	-	-	-	-	-	-	-	-	-	0.24	0.15	0.09	0.4	0.02	0.49	0.19	0.99	0.49	0.27	0.66	0.56	-	-	-	-	-
Dpysl5	-	0	0	0	0	0	0	0	0.01	0	0	0	0.48	0	0.03	0	0	0	0.01	0	0.12	0.37	0	0.04	0	0	0.09	0.55
Dram1	-	0	0	0	0.18	0	0	0	0	0	0	-	-	-	-	-	-	-	-	-	-	-	-	-	-	0.28	0.72	0.44
Draxin	-	0.16	0	0	0	0	0.01	0.09	0.71	0.01	0.01	-	-	-	-	-	-	-	-	-	-	-	-	-	-	-	-	-
Dscc1	-	0.82	0.03	0	0	0	0	0	0	0	0	0	0	0	0	0.83	0.19	0.12	0.26	0.15	0.1	0.1	0.13	0.04	0.05	-	-	-
Dsn1	-	0.01	0	0	0	0	0	0	0	0	0	0.1	0.05	0.38	0.7	0.36	0.18	0.21	0.13	0.12	0.14	0.08	0.04	-	-	0.67	0	0
Dstn	-	0.63	0.02	0.36	0.17	0	0.8	0	0.11	0	0	0	0	0	0	0	0	0	0	0	0	0	0	0	0	0.02	0	0
Dtd1	-	0	0	0	0	0	0.34	0	0	0	0.5	0.3	0.09	0.29	0.16	0	0	0	0	0	0	0	0	-	-	0.12	1	0.2
Dtl	-	0.13	0	0	0	0	0	0	0	0	0	0	0	0.01	0.03	0.4	0.52	0.37	0.34	0.29	0.35	0.36	0.38	-	-	0	0	0.19
Dtx3l	-	0.02	0	0	0.22	0	0.04	0.09	0	0.06	0	-	-	-	-	-	-	-	-	-	-	-	-	0.61	0.57	-	-	-
Dusp1	-	0.32	0.36	0	0	0	0	0	0	0.01	0	0.04	0.34	0.25	0.32	0	0	0	0.01	0	0	0.11	0.65	0.97	0.46	0	0	0
Dusp10	-	0.02	0.31	0.37	0.93	0.01	0.02	0.02	0.28	0.39	0.01	0.63	0.57	0.58	0.83	0.71	0.57	0.57	0.5	0.87	0.72	0.42	0.01	-	-	0	0	0
Dusp15	-	0.64	0.07	0	0	0	0	0	0	0	0	0.96	0.88	0.56	0.7	0	0	0	0	0	0	0	0	-	-	0	0.04	0.27
Dusp18	-	0.08	0.16	0.26	0	0	0.35	0	0	0	0	0.59	0.66	0.32	0.95	0.3	0.47	0.42	0.49	0.39	0.49	0.27	0.51	0.89	0.66	0.25	0.04	0.15
Dusp4	-	0.69	0	0	0.2	0	0	0	0	0	0	0.61	0.07	0	0	0.57	0.06	0.1	0.06	0.1	0.05	0.05	0.05	0.11	0.24	-	-	-
Dusp5	-	0.02	0.39	0.05	0.89	0.28	0.02	0.25	0.29	0.45	0.37	-	-	-	-	-	-	-	-	-	-	-	-	-	-	-	-	-
Dusp6	-	0	0.94	0.13	0.83	0	0.22	0	0	0	0	0	0	0	0	0	0	0	0	0	0	0	0	0.02	0	0	0	0
Dusp7	-	0.01	0.58	0.01	0	0.02	0	0.01	0	0	0.07	0	0.01	0	0.01	0	0	0	0	0	0	0	0	-	-	0	0	0
Dut	-	0.1	0.32	0.05	0	0	0	0	0	0	0	0.3	0.54	0.03	0.68	0.8	0.93	0.85	0.84	0.97	1	0.84	0.13	0.72	0.95	0.02	0.62	0.01
Dync1i1	-	0.01	0.12	0.77	0	0	0	0	0	0	0	0.7	0.97	0.9	0.82	0	0	0	0	0	0	0	0	-	-	0	0	0
Dyrk3	-	0.69	0.78	0.23	0	0	0	0	0.03	0	0	0	0	0	0	0	0	0	0	0	0	0	0	-	-	0	0	0
Dysf	-	0.02	0.67	0.49	0	0.78	0.45	0.72	0.8	0.35	0.71	0	0	0	0	0	0	0.14	0.84	0.58	0.14	0.01	0	-	-	0.07	0.01	0
E130218I03Rik	-	0	0	0	0	0	0	0	0	0	0	-	-	-	-	-	-	-	-	-	-	-	-	-	-	-	-	-
E2f1	-	0.33	0.24	0	0.01	0.54	0.02	0.12	0	0	0.01	0.01	0.48	0.31	0.09	0.28	0.11	0.18	0.07	0.09	0.02	0.01	0.04	0.88	0.11	0.11	0	0
E2f2	-	0	0	0	0	0	0	0	0	0	0	0	0	0	0	0	0	0	0	0	0	0	0	0.96	0.45	-	-	-
E2f7	-	0.53	0	0	0	0	0	0	0	0	0	0	0.67	0.54	0.09	0.07	0.07	0.84	0.18	0.29	0.23	0.45	0.25	0.06	0.02	-	-	-
E2f8	-	0.3	0.07	0	0	0	0	0	0	0	0	0.42	0.13	0.02	0.52	0.28	0.36	0.75	0.29	0.54	0.47	0.67	0.07	-	-	0.05	0.02	0
E530011L22Rik	-	0.68	0.02	0.01	0	0.01	0	0	0	0.02	0	-	-	-	-	-	-	-	-	-	-	-	-	-	-	-	-	-
Ebf4	-	0	0.01	0.03	0.74	0.74	0.04	0.15	0.06	0.22	0	0.06	0.33	0.17	0.14	0.16	0.27	0.57	0.26	0.42	1	0.99	0.17	0.17	0.98	-	-	-
Ebp	-	0.49	0.02	0.01	0.05	0.15	0.29	0.02	0.95	0.07	0	0	0	0	0	0.21	0.6	0.33	0.69	0.12	0.68	0.34	0.54	0	0	0	0	0.01
Ecel1	-	0	0	0	0.09	0	0	0	0	0	0	0.13	0.08	0.09	0.53	0.01	0.25	0.06	0.03	0.3	0.18	0.14	0.18	-	-	0.76	0	0
Ecm1	-	0.78	0.03	0	0	0.01	0.05	0.03	0.66	0	0.94	0.01	0.01	0.02	0.01	0.53	0.22	0.09	0.17	0.74	0.13	0.04	0.01	-	-	0.01	0.23	0.53
Ecscr	-	0.36	0.1	0.31	0.32	0.01	0.59	0	0.01	0	0	-	-	-	-	-	-	-	-	-	-	-	-	-	-	-	-	-
Ect2	-	0.57	0.03	0	0	0	0	0	0	0	0	0	0	0	0	0.79	0.57	0.77	0.83	0.86	0.77	0.74	0.99	0	0	0.05	0.42	0.11
Eda2r	-	0.01	0.4	0.25	0.03	0	0.01	0	0.03	0.56	0.11	0.08	0.29	0.72	0.03	0.7	0.75	0.91	0.59	0.18	0.75	0.93	0.42	-	-	-	-	-
Edem1	-	0	0.85	0.01	0	0	0	0	0	0	0.25	0	0	0	0	0.34	0.66	0.82	0.4	0.51	0.35	0.5	0.07	0	0	0	0	0
Edn1	-	0	0	0	0	0.27	0.1	0.16	0.69	0.07	0	0.8	0.57	0	0.08	0.07	0.65	0.36	0.43	0.67	0.78	0.99	0.94	0.5	0	0.99	0.68	0.05
Edn2	-	0.49	0.36	0.76	0.02	0.12	0.22	0.17	0	0	0.04	-	-	-	-	-	-	-	-	-	-	-	-	-	-	0.07	0.84	0.78
Edn3	-	0	0	0	0	0	0	0	0.01	0	0.26	-	-	-	-	-	-	-	-	-	-	-	-	-	-	0	0	0
Ednrb	-	0.12	0.14	0	0.04	1	0.33	0.98	0.63	0	0	0	0	0.82	0	0	0	0.02	0	0	0	0	0	0	0	0	0.15	0
Eepd1	-	0	0.18	0	0	0	0	0	0	0	0	-	-	-	-	-	-	-	-	-	-	-	-	-	-	0	0	0
Efcab1	-	0	0	0	0	0	0	0	0	0	0	0.09	0.01	0.22	0.02	0	0	0	0	0	0	0	0.13	-	-	-	-	-
Efr3b	-	0	0	0	0.16	0	0.31	0	0.01	0	0	0.01	0.28	0.55	0.13	0.68	0.81	0.78	0.76	0.44	0.58	0.58	0.99	-	-	-	-	-
Egf	-	0.3	0.22	0.39	0.17	0.92	0.97	0.48	0.12	0.74	0	-	-	-	-	-	-	-	-	-	-	-	-	0	0	0.28	0.01	0.15
Egfl7	-	0.06	0.01	0.07	0.02	0.04	0.2	0.07	0.61	0	0	0	0	0	0	1	0.74	0.08	0.6	0	0.12	0.04	0	0	0	0.32	0.01	0.01
Egr1	-	0.07	0.01	0.02	0.34	0.96	0	0.02	0.09	0.58	0	0.98	0.53	0.02	0.18	0.88	0.58	0.87	0.7	0.22	0	0.96	0.39	0.02	0.01	0	0	0
Egr2	-	0.4	0.15	0.82	0.02	0.05	0.12	0.11	0.04	0.89	0.33	0.21	0.52	0.52	0.13	0.55	0.92	0.7	0.8	0.2	0.86	0.24	0.33	-	-	0.01	0.03	0.05
Egr3	-	0.64	0.41	0.24	0.75	0.37	0.55	0.41	0.49	0.89	0.94	-	-	-	-	-	-	-	-	-	-	-	-	-	-	-	-	-
Ehbp1l1	-	0	0	0	0	0	0	0	0	0	0.3	0.02	0.05	0.03	0.19	0.13	0.02	0.01	0.08	0.03	0.02	0.04	0.04	-	-	0.09	0.15	0.8
Ehd4	-	0.21	0.73	0.3	0.35	0	0.69	0	0	0	0.01	0	0	0	0	0.09	0.11	0.12	0.13	0.18	0.13	0.13	0.28	0	0	0.22	0.07	0.08
Ehf	-	0.17	0.07	0.18	0	0	0.01	0	0.01	0.31	0.89	-	-	-	-	-	-	-	-	-	-	-	-	-	-	0.92	0.35	0.98
Eif1a	-	0.09	0.88	0	0.25	0.05	0.82	0.74	0.52	0	0.98	0	0	0	0	0.77	0.05	0.01	0	0	0	0	0	0	0	0	0	0
Eif1ad	-	0.24	0.88	0.06	0.09	0	0	0	0.18	0	0	0	0	0	0	0.18	0.01	0	0	0	0	0	0.01	0	0	-	-	-
Eif4a2	-	0.32	0.45	0.45	0.04	0.82	0.24	0.91	0.3	0	0.01	0	0	0	0	0.02	0.37	0.01	0.03	0	0.01	0	0.95	0	0	0.01	0.09	0.01
Eif4ebp1	-	0.01	0.05	0.09	0.01	0	0.04	0.36	0	0.01	0.08	0.11	0	0	0	0	0.55	0.05	0.93	0.01	0.98	0.05	0.19	0	0	0	0	0
Elk3	-	0.16	0.01	0.01	0	0	0	0	0	0	0	0.01	0	0.42	0.07	0	0	0	0	0	0	0	0	0.01	0	0.54	0.81	0.23
Elmod1	-	0	0	0	0	0	0	0	0.88	0	0	0.58	0.51	0.48	0.43	0.99	0.83	0.3	0	0	0	0	0	-	-	-	-	-
Elovl3	-	0.21	0.1	0.04	0.06	0.05	0.72	0.02	0	0	0.01	0	0.08	0	0.01	0.28	0.67	0.59	0.82	0.72	0.78	0.56	0.21	0.11	0	0.24	0.18	0.17
Eltd1	-	0.39	0.95	0.86	0	0	0.03	0	0.14	0.53	0.54	0.02	0	0	0.01	0.11	0.07	0.57	0.03	0	0	0.18	0.01	-	-	0	0	0
Emcn	-	0.53	0.61	0.91	0.46	0.11	0.55	0.03	0.01	0	0	0	0	0	0	0	0	0	0	0	0	0	0	0	0	0	0.04	0.09
Eme1	-	0.03	0.86	0	0	0	0	0	0	0	0	-	-	-	-	-	-	-	-	-	-	-	-	-	-	0.32	0	0
Emid1	-	0.72	0	0	0	0	0	0	0	0.66	0	0.52	0.51	0.86	0.42	0	0	0	0	0	0	0	0	-	-	0	0	0
Emilin2	-	0	0.01	0	0	0.05	0	0.16	0	0	0.01	0	0	0	0	0	0.02	0.02	0	0	0	0	0	-	-	-	-	-
Emilin3	-	0.14	0	0	0	0	0	0	0	0	0	0.77	0.5	0.45	0.53	0	0	0.03	0.04	0.35	0.04	0.34	0	-	-	0.73	0	0
Emp1	-	0	0	0	0.08	0	0	0	0	0	0.02	0	0	0	0	0	0	0	0	0	0	0	0	0	0	0.48	0.33	0.09
Emp3	-	0	0	0	0	0	0.09	0	0.13	0	0	0	0	0	0	0	0	0	0	0	0	0	0	-	-	0.22	0.91	0.72
Emr1	-	0.28	0.54	0.77	0.01	0.19	0.7	0.01	0	0.87	0	0.35	0.56	0	0.57	0.05	0.49	0.09	0.73	0.24	0.48	0.38	0.29	-	-	0.12	0.01	0.01
Enc1	-	0.01	0	0	0	0	0	0	0	0	0	0.01	0.01	0.04	0	0	0	0	0	0	0	0	0	0	0.27	0.03	0	0
Eng	-	0.38	0.58	0.21	0	0	0.15	0.02	0.01	0.24	0	0	0	0	0	0	0	0	0	0	0	0	0	-	-	0.36	0.64	0.26
Enkd1	-	0	0	0.04	0.78	0	0	0	0.05	0	0	-	-	-	-	-	-	-	-	-	-	-	-	-	-	0.05	0	0
Eno3	-	0	0	0	0	0	0	0	0	0	0	0	0	0	0	0	0	0	0	0	0	0	0	0.02	0.08	0	0	0
Enpep	-	0	0	0	0.22	0.01	0.12	0.12	0	0.3	0.55	-	-	-	-	-	-	-	-	-	-	-	-	-	-	0	0.14	0.06
Enpp1	-	0.04	0.1	0.06	0.21	0.01	0.24	0.01	0.03	0	0	0.18	0.15	0.46	0.18	0.51	0	0	0	0.36	0	0	0	-	-	-	-	-
Enpp2	-	0.77	0	0	0	0	0	0	0	0.93	0.14	0.34	0	0.02	0.07	0.01	0.05	0.08	0.27	0.67	0.03	0.03	0.02	0.72	0.34	0	0	0
Entpd3	-	0	0	0	0.21	0.21	0.15	0.66	0.01	0.39	0.03	0.83	0.37	0.13	0.01	0.52	0.81	0.96	0.75	0.55	0.57	0.8	0.57	-	-	-	-	-
Epha1	-	0.46	0.32	0.38	0.59	0.2	0.74	0.37	0.47	0	0.94	0.58	0.01	0.64	0.12	0.47	0.58	0.55	0.64	0.93	0.66	0.63	0.47	0.06	0.02	0.03	0.16	0.19
Epha6	-	0.07	0.32	0.03	0.09	0.76	0.02	0.31	0.31	0.5	0.48	-	-	-	-	-	-	-	-	-	-	-	-	-	-	-	-	-
Ephb1	-	0	0	0	0	0	0.63	0	0.28	0.01	0.07	0.69	0.53	0	0.14	0.01	0	0.01	0.01	0.01	0.01	0.02	0.01	-	-	-	-	-
Ephx2	-	0	0	0	0	0	0	0	0	0	0	0.17	0.03	0	0.01	0.39	0.18	0.21	0.04	0.03	0.03	0.19	0.19	0	0	0	0	0
Epor	-	0	0	0	0	0	0	0	0	0	0	0.08	0.02	0.12	0.02	0.32	0.34	0.33	0.54	0.98	0.46	0.78	0	-	-	0	0	0
Eps8	-	0.04	0	0	0	0	0	0	0	0	0	0.05	0.13	0.02	0.23	0.13	0.56	0.12	0.25	0.05	0.09	0.08	0.23	-	-	0.84	0	0.02
Eps8l2	-	0.93	0.95	0.42	0.71	0.25	0.23	0.58	0	0	0	0.35	0.91	0.27	0.97	0.14	0.18	0.14	0.99	0.34	0.53	0.17	0	-	-	0	0	0
Ercc6l	-	0.31	0	0	0	0	0	0	0	0	0	-	-	-	-	-	-	-	-	-	-	-	-	-	-	0	0	0
Ereg	-	0.22	0.15	0.12	0.65	0.16	0.97	0.81	0.17	0.08	0.02	-	-	-	-	-	-	-	-	-	-	-	-	-	-	-	-	-
Eri1	-	0.02	0.02	0	0	0	0	0	0	0	0	-	-	-	-	-	-	-	-	-	-	-	-	-	-	0	0	0
Erich2	-	0.88	0.94	0.64	0.41	0.78	0.45	0.79	0.33	0	0.27	-	-	-	-	-	-	-	-	-	-	-	-	-	-	-	-	-
Ermap	-	0	0	0	0.03	0.14	0.07	0.2	0.28	0.23	0	0.02	0.07	0.21	0	0.75	0.8	0.49	0.27	0.54	0.45	0.92	0.35	-	-	0.53	0	0
Esam	-	0.25	0.28	0.37	0.01	0.17	0.01	0.39	0.56	0	0	0	0	0	0	0	0	0	0	0	0	0	0	-	-	0	0.03	0.01
Esco2	-	0.82	0.12	0	0.01	0	0.01	0	0	0	0	0.26	0.1	0.02	0.01	0	0	0	0	0	0	0	0	-	-	-	-	-
Esd	-	-	-	-	-	-	-	-	-	-	-	0.62	0.22	0.07	0.01	0.06	0.47	0.86	0.04	0	0.09	0.5	0.04	0.01	0.06	-	-	-
Esm1	-	0	0	0	0	0.01	0	0.63	0.75	0.38	0.41	0.11	0.17	0.42	0.59	0.48	0.51	0.45	0.33	0.66	0.39	0.09	0.16	-	-	0	0	0.01
Espl1	-	0	0.06	0	0	0	0	0	0	0	0	0	0	0	0	0	0	0	0	0	0	0	0	0	0.08	-	-	-
Esyt1	-	0.02	0.02	0	0	0	0	0	0	0	0.11	-	-	-	-	-	-	-	-	-	-	-	-	-	-	0.1	0	0.01
Esyt3	-	0.32	0.06	0.02	0	0	0	0	0	0	0	-	-	-	-	-	-	-	-	-	-	-	-	-	-	0	0	0
Etnppl	-	0.64	0.77	0.58	0.48	0.98	0.16	0.15	0.07	0	0	-	-	-	-	-	-	-	-	-	-	-	-	-	-	-	-	-
Etohd2	-	0.26	0.53	0.31	0.94	0.35	0.35	0.24	0.93	0.96	0.68	-	-	-	-	-	-	-	-	-	-	-	-	-	-	0	0	0
Ets1	-	0.13	0.28	0.49	0.6	0	0.84	0	0	0	0	0	0	0	0	0	0	0	0	0	0	0	0	-	-	0	0	0.02
Ets2	-	0	0	0	0	0	0	0	0	0	0	0	0	0	0	0	0	0	0	0	0	0	0	0	0	0	0	0
Etv4	-	0.17	0.48	0.84	0.34	0.24	0.24	0.54	0.96	0.08	0.72	0	0	0.02	0	0	0	0	0	0	0	0	0	-	-	0	0	0
Exo1	-	0.32	0.01	0	0	0	0	0	0	0	0	0	0	0	0	0.73	0.21	0.68	0.83	0.15	0.45	0.25	0.2	0	0	0.43	0	0
Exosc8	-	0.27	0.22	0	0	0	0	0	0	0	0	0	0	0	0	0.01	0	0	0	0	0	0	0	0	0.01	-	-	-
Ezh2	-	0.04	0	0	0	0	0	0	0	0	0	0	0	0	0	0	0	0	0	0	0	0	0	0	0	0.02	0	0
F10	-	0	0	0	0	0	0	0	0	0	0	0.12	0.11	0.36	0.84	0.26	0.31	0.18	0.22	0.28	0.19	0.13	0.15	-	-	0	0	0
F13a1	-	0	0.08	0.88	0	0.05	0.02	0.72	0.31	0.02	0	0	0	0	0	0	0	0	0	0	0	0	0	-	-	0	0.02	0
F2rl1	-	0.67	0.13	0.15	0.11	0.76	0.55	0.6	0.01	0.86	0.64	0.76	0.01	0.76	0.4	0.85	0.89	0.88	0.72	0.9	0.97	0.75	0.27	-	-	0.04	0.03	0
F2rl2	-	0.14	0.56	0.01	0	0	0	0.11	0	0.59	0	0	0	0	0	0	0.02	0.11	0.05	0	0.03	0.16	0.02	-	-	0	0	0
F3	-	0.73	0.19	0.1	0.09	0	0.1	0.02	0.09	0.84	0.66	-	-	-	-	-	-	-	-	-	-	-	-	-	-	0.05	0.04	0.17
Fabp5	-	0	0	0	0.02	0	0	0	0	0	0	0.02	0.26	0.69	0.75	0	0	0	0	0	0	0	0	0.55	0.02	0.3	0	0
Fam101b	-	0	0	0	0	0	0.02	0	0	0	0	-	-	-	-	-	-	-	-	-	-	-	-	-	-	0.27	0.34	0.01
Fam105a	-	0	0	0	0	0	0	0	0	0	0	0.01	0.97	0	0.3	0.84	0.67	0.85	0.57	0.92	0.52	0.46	0.88	0.34	0.29	0.01	0.02	0.71
Fam107a	-	0.1	0.03	0.74	0.52	0.96	0.22	0.14	0.6	0	0	0.57	0.38	0.29	0.92	0.08	0.58	0.79	0.44	0.02	0.83	0.73	0.49	-	-	-	-	-
Fam110a	-	0	0	0	0	0	0	0	0.01	0	0	0	0	0	0	0	0	0	0	0	0	0	0	0	0	0	0	0
Fam111a	-	0.02	0	0	0	0	0	0	0	0	0	-	-	-	-	-	-	-	-	-	-	-	-	-	-	0.7	0.19	0
Fam124a	-	0	0	0	0	0.02	0	0	0.29	0.01	0.23	-	-	-	-	-	-	-	-	-	-	-	-	-	-	-	-	-
Fam131a	-	0.11	0.21	0	0	0	0	0	0	0	0	0.07	0.17	0.24	0.14	0	0	0	0	0	0	0	0	0.92	0.02	0	0	0
Fam132b	-	-	-	-	-	-	-	-	-	-	-	0.35	0.11	0.34	0.3	0.05	0.26	0.01	0.08	0.05	0.15	0.32	0.08	-	-	-	-	-
Fam167a	-	0.19	0	0	0	0	0	0	0	0.03	0.13	-	-	-	-	-	-	-	-	-	-	-	-	-	-	-	-	-
Fam181a	-	0.02	0.01	0.14	0	0	0.05	0.02	0.22	0.75	0	-	-	-	-	-	-	-	-	-	-	-	-	-	-	-	-	-
Fam210b	-	0	0	0	0	0	0	0	0.01	0	0	-	-	-	-	-	-	-	-	-	-	-	-	-	-	0	0	0
Fam213b	-	0.02	0.91	0.29	0.01	0.09	0.87	0.78	0.7	0	0	-	-	-	-	-	-	-	-	-	-	-	-	-	-	0.51	0.55	0.05
Fam43a	-	0	0	0	0	0.11	0.08	0.39	0	0	0	-	-	-	-	-	-	-	-	-	-	-	-	-	-	0	0	0
Fam46b	-	0.15	0.59	0.68	0	0.19	0.93	0.2	0.09	0	0.07	-	-	-	-	-	-	-	-	-	-	-	-	-	-	-	-	-
Fam46c	-	0.19	0	0	0	0	0	0	0	0	0	-	-	-	-	-	-	-	-	-	-	-	-	-	-	0	0	0
Fam60a	-	0.06	0.02	0.94	0.55	0	0.02	0	0	0	0	0	0	0	0	0.89	0.93	0.9	0.91	0.97	0.83	0.78	0.82	0	0	0	0	0
Fam64a	-	0.07	0.86	0	0	0	0	0	0	0	0	-	-	-	-	-	-	-	-	-	-	-	-	-	-	0	0	0
Fam65c	-	0.13	0.32	0.75	0.01	0.27	0.26	0.07	0	0.08	0.21	-	-	-	-	-	-	-	-	-	-	-	-	-	-	-	-	-
Fam78a	-	0	0	0	0.03	0	0	0	0	0	0	-	-	-	-	-	-	-	-	-	-	-	-	-	-	-	-	-
Fam83d	-	0.07	0.74	0	0	0	0	0	0	0	0	-	-	-	-	-	-	-	-	-	-	-	-	-	-	-	-	-
Fam83g	-	0	0	0	0.12	0.75	0.85	0.37	0.77	0.08	0.87	-	-	-	-	-	-	-	-	-	-	-	-	-	-	0	0	0
Fam84a	-	0	0	0	0	0	0	0	0	0	0	0.86	0	0.02	0.11	0.06	0.11	0.75	0	0.16	0.17	0.96	0.03	-	-	0	0	0.3
Fam89a	-	0	0.62	0	0	0	0	0	0	0	0	-	-	-	-	-	-	-	-	-	-	-	-	-	-	0	0	0
Fanca	-	0	0.83	0	0	0	0	0	0	0	0	0	0	0	0	0.18	0.79	0.79	0.55	0.27	0.91	0.78	0.49	-	-	0.07	0	0
Fancb	-	0.7	0	0	0	0	0	0	0	0	0	0.2	0.01	0	0	0.71	0.91	0.92	0.95	0.77	0.94	0.95	0.62	0.01	0	-	-	-
Fancd2	-	0.37	0.47	0.06	0	0	0.08	0	0.01	0	0	0.98	0	0	0.49	0	0	0	0	0	0	0	0	0	0	-	-	-
Fanci	-	0.11	0.86	0.02	0	0	0	0	0	0	0	0.05	0.6	0.28	0.9	0	0	0.01	0	0	0	0	0	-	-	0	0.14	0.07
Fat1	-	0	0	0	0.55	0	0	0	0.01	0	0	0.06	0.08	0	0	0.8	0.83	0.75	0.62	0.01	0.01	0.01	0.04	0	0	-	-	-
Fat3	-	0.09	0.01	0	0.01	0.21	0	0.35	0	0	0	0.78	0.01	0	0	0.99	0.45	0.16	0.84	0.89	0.65	0.8	0.76	0.68	0.06	-	-	-
Fat4	-	0	0.89	0.08	0.27	0.61	0	0.53	0.57	0	0	0	0.07	0	0	0.75	0.63	0.33	0.31	0.93	0.21	0.23	0.24	0	0	-	-	-
Fblim1	-	0	0	0	0	0	0	0	0	0	0	0.9	0.13	0	0.02	0	0	0	0	0	0	0	0	-	-	0.09	0.02	0.01
Fbln2	-	0	0	0	0	0	0	0	0	0	0	0	0	0	0	0	0	0	0	0	0	0	0	-	-	0	0	0
Fbxl13	-	-	-	-	-	-	-	-	-	-	-	0.71	0.55	0.88	0.23	0	0	0	0	0	0.03	0.51	0.63	-	-	-	-	-
Fbxo15	-	0.43	0.44	0.67	0.71	0.32	0.4	0.14	0.37	0.1	0	0.12	0.91	0.34	0.37	0.43	0.77	0.83	0.65	0.09	0.18	0.78	0.92	-	-	0	0	0.1
Fbxo5	-	0.85	0.03	0	0	0	0	0	0	0	0	0	0	0	0	0.5	0.82	0.64	0.99	0.85	0.98	0.68	0.54	0	0	-	-	-
Fcer1g	-	0.08	0.9	0.36	0.14	0.04	0.11	0	0	0.01	0	0.99	0.68	0.73	0.91	0.39	0.94	0.81	0.74	0.62	0.73	0.95	0.66	-	-	0.02	0.74	0.92
Fcgr1	-	0.03	0	0	0	0	0.63	0.05	0.59	0.01	0.35	-	-	-	-	-	-	-	-	-	-	-	-	-	-	0.44	0.82	0.04
Fcgr2b	-	0.65	0.2	0.02	0	0	0	0	0.35	0	0	-	-	-	-	-	-	-	-	-	-	-	-	-	-	0.6	0.02	0.1
Fcgr3	-	0.64	0.22	0.12	0	0.59	0.3	0.57	0.99	0.03	0	0.01	0	0.11	0	0	0.01	0.01	0	0.02	0.01	0.03	0.02	-	-	0.2	0.26	0.37
Fen1	-	0.35	0	0	0	0	0	0	0	0	0	0	0	0.45	0.23	0	0	0	0	0	0	0	0	0.72	0.01	0	0.32	0.07
Fes	-	0.29	0.41	0.75	0.62	0.08	0.68	0.17	0.01	0.42	0	0.66	0.24	0.01	0.1	0.27	0.42	0.64	0.57	0.99	0.43	0.86	0.67	-	-	0.01	0	0
Ffar2	-	0.56	0.87	0.41	0.79	0.16	0.38	0.16	0.39	0.8	0.61	-	-	-	-	-	-	-	-	-	-	-	-	-	-	0	0.31	0.05
Fgd3	-	0.11	0.64	0.45	0.95	0.9	0.04	0.87	0.95	0.11	0.14	0.72	0.85	0.02	0.67	0.14	0.95	0.43	0.71	0.19	0.21	0.75	0.23	-	-	-	-	-
Fgf1	-	0.35	0.19	0.29	0	0	0	0	0	0	0	0.43	0.42	0.35	0.53	0.02	0.02	0.02	0	0	0	0	0.48	-	-	0.86	0	0
Fgf11	-	0.45	0.69	0.53	0	0.03	0	0.02	0.59	0.2	0	-	-	-	-	-	-	-	-	-	-	-	-	-	-	0.01	0.04	0.58
Fgf15	-	0.08	0.16	0.39	0.18	0.01	0	0.17	0	0.01	0	0.67	0.71	0.45	0.71	0.41	0.23	0.22	0.35	0.25	0.32	0.37	0.33	0.28	0.82	0	0.19	0.11
Fgfr2	-	0	0.05	0.75	0	0.65	0.67	0.45	0.18	0	0.08	0	0	0	0	0.28	0.63	0.3	0.39	0	0.03	0.01	0.07	0	0	0	0	0
Fgfr3	-	0.01	0.34	0	0	0	0	0	0	0	0	0.93	0.27	0.32	0.18	0	0	0	0	0	0	0	0	-	-	0	0	0
Fgl2	-	0	0.01	0.01	0.01	0	0.04	0	0	0.06	0.01	-	-	-	-	-	-	-	-	-	-	-	-	-	-	0.46	0.96	0.15
Fgr	-	0.83	0.43	0.01	0.85	0.1	0.08	0.68	0.68	0	0.11	-	-	-	-	-	-	-	-	-	-	-	-	-	-	-	-	-
Fhdc1	-	0	0	0	0	0	0	0	0	0.79	0	-	-	-	-	-	-	-	-	-	-	-	-	-	-	0	0	0
Fhl2	-	0	0	0.01	0.16	0.26	0.06	0.82	0.59	0	0	0.19	0.12	0.01	0.78	0.07	0.05	0.02	0.04	0.01	0.01	0.01	0	-	-	0	0	0
Fhl3	-	-	-	-	-	-	-	-	-	-	-	-	-	-	-	-	-	-	-	-	-	-	-	-	-	0	0	0
Fhod3	-	0.65	0.83	0.87	0.3	0.52	0.2	0.22	0.01	0	0.03	0.25	0.76	0.02	0.41	0.13	0.77	0.89	0.51	0.41	0.68	0.78	0	-	-	0.5	0	0
Fig4	-	0	0	0	0.05	0.8	0.3	0.17	0.35	0	0	0.07	0.47	0.4	0.56	0.69	0.36	0.56	0.66	0.87	0.12	0.88	0.65	-	-	0.02	0	0
Fignl1	-	0.58	0.32	0	0	0	0	0	0	0	0	0	0.63	0.2	0.3	0	0	0	0	0	0	0	0	0.18	0.04	0	0	0
Filip1	-	0	0	0	0	0	0	0	0	0	0	-	-	-	-	-	-	-	-	-	-	-	-	-	-	-	-	-
Filip1l	-	0.01	0	0	0	0	0.06	0	0	0	0	-	-	-	-	-	-	-	-	-	-	-	-	-	-	-	-	-
Fkbp11	-	0	0	0	0	0	0	0	0	0	0	0	0	0	0	0	0	0	0	0	0	0	0	0	0	0	0	0
Flna	-	0.2	0.15	0.53	0	0	0	0	0	0	0	0	0	0	0	0	0	0	0	0	0	0	0	0	0	0.02	0	0
Flnb	-	0.01	0	0	0.22	0.92	0.39	0.09	0.04	0	0.15	0	0	0	0	0.75	0.58	0.51	0.38	0.44	0.4	0.6	0.23	0	0	0.03	0.02	0
Flnc	-	0	0.03	0.01	0	0	0	0	0	0	0	0	0	0	0	0	0	0	0	0	0	0	0	-	-	0	0	0
Flot1	-	0.04	0.01	0	0	0	0	0	0	0	0	0.03	0	0	0	0	0	0	0	0	0	0	0	0.06	0	0	0	0
Fmn1	-	0.88	0.23	0.41	0.35	0.64	0.33	0.09	0.66	0.42	0	-	-	-	-	-	-	-	-	-	-	-	-	-	-	0	0	0
Fmo2	-	0.7	0.24	0	0	0	0.02	0	0	0	0	0.01	0.29	0.11	0.12	0.33	0.82	0.75	0.51	0.07	0.54	0.58	0	-	-	-	-	-
Fn1	-	0	0.11	0.01	0	0	0	0	0	0	0	0.12	0	0.81	0.02	0	0	0	0	0	0	0	0	0.61	0.15	0	0	0
Fn3k	-	0	0	0	0.56	0.56	0	0	0.01	0	0	0.72	0.36	0.84	0.78	0	0	0	0	0	0	0	0	-	-	0.14	0	0
Fn3krp	-	0.97	0.9	0.42	0	0.16	0	0	0.52	0.05	0.19	-	-	-	-	-	-	-	-	-	-	-	-	-	-	-	-	-
Fndc1	-	0.58	0.7	0.19	0.07	0.51	0.25	0.72	0.02	0.01	0	-	-	-	-	-	-	-	-	-	-	-	-	-	-	0	0.09	0.02
Folh1	-	0.6	0.93	0.87	0.5	0.58	0.02	0.7	0.85	0	0.11	-	-	-	-	-	-	-	-	-	-	-	-	-	-	-	-	-
Folr1	-	0	0	0	0	0	0	0	0	0	0	0.31	0.8	0.14	0.85	0	0	0	0	0	0	0	0	0.7	0.87	0	0	0
Fos	-	0.36	0.32	0.29	0.24	0.98	0	0.42	0.12	0.05	0	0.78	0.91	0.76	0.82	0.94	0.91	0.89	0.98	0.47	0	0.87	0.74	-	-	0.79	0.09	0
Fosb	-	0.05	0.61	0.75	0.12	0.29	0.15	0.84	0.43	0.06	0.12	-	-	-	-	-	-	-	-	-	-	-	-	-	-	-	-	-
Fosl2	-	0	0	0	0.58	0	0.03	0	0	0	0	0.41	0.69	0.12	0.41	0.16	0.38	0.75	0.34	0.03	0.03	0.03	0	0.06	0.3	-	-	-
Foxc1	-	0.26	0.07	0	0	0	0	0	0	0	0	0.32	0.56	0.01	0.06	0.01	0.02	0.01	0	0	0	0	0	-	-	0.12	0	0.01
Foxe3	-	0	0	0	0	0	0	0	0	0	0.63	0	0.67	0.08	0.77	0.08	0	0	0	0.04	0	0	0.06	-	-	0.64	0.02	0.01
Foxm1	-	0.01	0	0.69	0.2	0.04	0.05	0.01	0.8	0.5	0	0	0	0	0	0.13	0.2	0.15	0.15	0.12	0.14	0.15	0.39	0	0	0.16	0	0
Foxn1	-	0.15	0.1	0	0	0.03	0.2	0.21	0.65	0	0.05	-	-	-	-	-	-	-	-	-	-	-	-	-	-	-	-	-
Foxn3	-	0.34	0.04	0.06	0.34	0.21	0.61	0	0.38	0.05	0	0	0.98	0.02	0.07	0.01	0.13	0.2	0.13	0.01	0.23	0.35	0.63	-	-	-	-	-
Foxo6	-	-	-	-	-	-	-	-	-	-	-	0.55	0.21	0.81	0.85	0.97	0.92	0.85	0.28	0.99	0.9	0.94	0.96	-	-	-	-	-
Foxred2	-	0.03	0.23	0.59	0.18	0.56	0.59	0.16	0.86	0.07	0.04	0.21	0.92	1	0.55	0.83	0.67	0.71	0.75	0.78	0.57	0.77	0.58	-	-	-	-	-
Fpr2	-	0.46	0.99	0.94	0.04	0.67	0.31	1	0.17	0.55	0.45	0	0.04	0.11	0	0.03	0.13	0.03	0.18	0.13	0.23	0.3	0.19	-	-	0.02	0.64	0.53
Frem2	-	0	0	0.71	0	0.23	0.03	0.97	0	0.31	0	-	-	-	-	-	-	-	-	-	-	-	-	-	-	-	-	-
Frmd4a	-	0	0.01	0.39	0	0	0.61	0	0	0	0	0	0	0	0	0.67	0.32	0.17	0.16	0.34	0.09	0.03	0.26	0	0	-	-	-
Frmd8	-	0	0	0	0.08	0.98	0.32	0.07	0.04	0.13	0	0	0	0	0	0.93	0.99	0.94	0.93	0.9	0.96	0.88	0.93	0	0	0.21	0.01	0
Fry	-	0	0	0	0.03	0	0	0	0	0	0	-	-	-	-	-	-	-	-	-	-	-	-	-	-	-	-	-
Fscn1	-	0.74	0.06	0.07	0	0	0.02	0	0	0	0	0.53	0.03	0	0	0.26	0.25	0.18	0.11	0.04	0	0	0	0	0	0	0.05	0
Fst	-	0	0.02	0	0	0	0	0	0	0	0	0	0	0	0.02	0.01	0	0	0	0	0	0	0	-	-	0	0	0
Fstl4	-	0.42	0.12	0.14	0.24	0.3	0.17	0.32	0.01	0.41	0.98	0.72	0.24	0.59	0.2	0.09	0.96	0.87	0.65	0.47	0.42	0.27	0.07	-	-	-	-	-
Furin	-	0.96	0.79	0.2	0	0.19	0.27	0.75	0.37	0.08	0	0.04	0	0	0.01	0.04	0	0	0	0.19	0	0	0.48	-	-	0	0	0
Fut4	-	0.33	0.41	0.7	0.02	0.07	0.57	0.05	0.84	0.34	0.02	0.88	0.04	0.49	0	0.24	0.3	0.42	0.32	0.2	0.16	0.18	0.16	-	-	-	-	-
Fuz	-	0.57	0.01	0.11	1	0.35	0.48	0.3	0.39	0.03	0.42	-	-	-	-	-	-	-	-	-	-	-	-	-	-	-	-	-
Fxyd1	-	0	0.02	0.06	0	0	0	0	0	0	0	0.78	0.72	0.91	0.99	0	0.01	0	0	0	0	0	0	-	-	0.01	0	0
Fxyd5	-	0.74	0.32	0.49	0	0.05	0.01	0.25	0.32	0	0.02	0.33	0.26	0.79	0.2	0.2	0.61	0.62	0.21	0.08	0.38	0.98	0	-	-	0	0	0
Gaa	-	0.6	0	0	0	0	0	0	0	0	0	0.35	0.29	0.39	0.72	0.14	0.28	0.14	0.22	0.08	0.13	0.07	0.3	-	-	0	0.02	0.02
Gabra3	-	0	0	0	0.02	0	0	0	0.13	0	0	0.53	0.91	0.71	0.97	0.63	0.72	0.64	0.22	0.07	0.06	0.12	0	-	-	-	-	-
Gabra4	-	0.01	0	0	0.74	0.37	0.36	0.44	0.71	0.03	0	0.64	0.33	0.79	0.34	0.91	0.43	0.72	0.53	0.55	0.6	0.79	0	-	-	-	-	-
Gad2	-	0.01	0	0	0.19	0.69	0.37	0.21	0.06	0.72	0.1	-	-	-	-	-	-	-	-	-	-	-	-	-	-	0	0	0
Gadd45a	-	0.17	0	0.07	0	0.01	0.01	0	0	0	0	0.01	0.01	0	0.06	0	0	0	0	0	0	0	0	0.04	0.11	0	0	0
Gadd45g	-	0	0	0	0.02	0	0	0	0	0.03	0.62	0	0	0	0	0	0	0	0.16	0.53	0.16	0	0	-	-	0.95	0.18	0.02
Gadl1	-	0.55	0.94	0.77	0.63	0.23	0.25	0.03	0.15	0.19	0.03	-	-	-	-	-	-	-	-	-	-	-	-	-	-	-	-	-
Gal	-	0.07	0.21	0.36	0.81	0.18	0.1	0.01	0.88	0.38	0.62	-	-	-	-	-	-	-	-	-	-	-	-	-	-	0	0	0
Galnt14	-	-	-	-	-	-	-	-	-	-	-	0.86	0	0.05	0	0.2	0.61	0.69	0.61	0.12	0.21	0.97	0.96	0.02	0.01	-	-	-
Galnt18	-	0	0	0	0	0	0.6	0	0.09	0.01	0	-	-	-	-	-	-	-	-	-	-	-	-	-	-	-	-	-
Galnt4	-	0.02	0	0	0	0	0.02	0	0	0	0	-	-	-	-	-	-	-	-	-	-	-	-	-	-	0	0	0.07
Galnt6	-	0.48	0.28	0.05	0.29	0.15	0.1	0.95	0.25	0.17	0.03	-	-	-	-	-	-	-	-	-	-	-	-	-	-	-	-	-
Gamt	-	0.31	0	0	0	0	0	0	0	0	0	0.01	0	0.04	0.04	0	0	0	0	0	0	0	0	-	-	0.89	0.93	0.56
Gap43	-	0	0	0	0	0	0	0	0.01	0	0	0	0	0	0	0	0	0	0	0	0	0	0	0	0	0.83	0	0
Gar1	-	0.07	0.94	0	0	0	0	0	0	0	0	-	-	-	-	-	-	-	-	-	-	-	-	-	-	0.12	0.91	0.15
Gars	-	0.29	0.33	0.37	0	0	0.77	0	0.48	0	0	0.26	0	0	0.67	0.2	0.97	0.37	0.04	0.13	0	0	0	0	0	0	0	0
Gas2l1	-	0.65	0.27	0.4	0.58	0.03	0.01	0	0.02	0.77	0.44	0.07	0.21	0.29	0.08	0.43	0.66	0.99	0.08	0.44	0.07	0.12	0	-	-	-	-	-
Gas2l3	-	0.04	0.97	0.03	0.05	0.01	0.48	0	0.94	0	0.25	0.01	0.01	0.24	0.03	0	0	0	0	0	0	0	0	0	0.95	-	-	-
Gas6	-	0	0.37	0	0	0	0	0	0	0	0	0.02	0.16	0.07	0.1	0	0	0	0	0	0	0	0	-	-	0	0	0
Gbp2	-	0.99	0.92	0.72	0.27	0.66	0.72	0.74	0.65	0	0	0.69	0.77	0.38	0.28	0.19	0.57	0.7	0.21	0.5	0.03	0.21	0	-	-	0.04	0.22	0.67
Gbp3	-	0.72	0.44	0.19	0	0	0	0	0.02	0.01	0	-	-	-	-	-	-	-	-	-	-	-	-	-	-	0.15	0.39	0.51
Gbp6	-	0.1	0.03	0.05	0.16	0.05	0.25	0.1	0.28	0.03	0.01	-	-	-	-	-	-	-	-	-	-	-	-	-	-	-	-	-
Gbp7	-	0.07	0.01	0.22	0	0.22	0	0.12	0.1	0.37	0.06	-	-	-	-	-	-	-	-	-	-	-	-	-	-	0	0	0
Gbx2	-	0	0	0	0	0	0	0	0	0	0	0	0	0	0	0	0	0	0	0	0	0	0	-	-	-	-	-
Gcg	-	0.53	0.44	0	0	0	0	0	0	0.15	0	0.6	0.5	0.64	0.54	0	0	0	0	0	0.01	0	0.04	-	-	0	0	0
Gch1	-	0.01	0.27	0.36	0.01	0.06	0	0.47	0	0.35	0.17	0.76	0.69	0.67	0.66	0.01	0.01	0.01	0.16	0.95	0.76	0.79	0.73	-	-	0.26	0.03	0.75
Gck	-	0.24	0	0	0	0	0	0	0	0	0	0.23	0.93	0.41	0.94	0	0	0	0	0	0	0	0	-	-	0	0.01	0
Gclc	-	0.16	0	0	0.77	0.01	0	0	0.48	0	0	0.03	0	0.02	0.02	0.22	0.93	0.48	0.35	0	0.33	0.4	0.8	0.44	0.39	0.21	0.13	0.34
Gcnt1	-	0.24	0.01	0	0.01	0	0	0	0	0	0	0.27	0.36	0	0.19	0	0.02	0.01	0.03	0.02	0.02	0.28	0	0.02	0	0	0	0
Gcnt2	-	0.95	0.96	0.84	0.03	0.67	0.03	0.07	0.15	0.25	0.04	0.61	0.01	0.43	0.01	0.34	0.43	0.5	0.37	0.88	0.85	0.99	0.06	0.09	0.48	0	0	0
Gda	-	0.45	0.05	0.51	0.08	0	0.15	0	0.67	0.01	0	-	-	-	-	-	-	-	-	-	-	-	-	-	-	-	-	-
Gdf10	-	0	0	0	0	0	0	0	0	0	0	0	0	0	0	0	0	0	0.1	0.35	0.47	0	0.03	-	-	0	0	0
Gdf15	-	0.63	0.81	0.91	0.42	0.56	0.75	0.89	0.2	0.05	0.06	0.58	0.41	0.26	0.74	0.51	0.79	0.48	0.27	0.29	0.27	0.14	0.62	-	-	-	-	-
Gdnf	-	-	-	-	-	-	-	-	-	-	-	0	0.26	0	0.01	0	0	0	0	0	0	0	0	-	-	-	-	-
Gem	-	0.03	0.14	0.22	0.52	0.58	0.54	0.43	0.75	0.51	0.26	0.84	0.63	0	0.03	0.2	0.96	0.3	0.88	0.85	0.74	0.8	0.9	-	-	0.08	0.69	0.45
Gen1	-	0.07	0.2	0	0.01	0	0	0	0	0	0	-	-	-	-	-	-	-	-	-	-	-	-	-	-	-	-	-
Gfap	-	0	0	0.01	0.03	0.43	0.52	0.05	0	0.12	0	0.79	0.12	0	0	0	0	0	0	0.01	0	0	0.79	0.38	0.15	0.66	0.34	0.43
Gfod1	-	-	-	-	-	-	-	-	-	-	-	0	0.03	0.02	0.03	0.62	0.73	0.62	0.6	0.1	0.4	0.16	0.7	-	-	-	-	-
Gfra1	-	0	0	0	0	0	0	0	0	0.32	0	-	-	-	-	-	-	-	-	-	-	-	-	-	-	0	0	0
Ggnbp1	-	0.65	0.02	0	0	0	0	0	0	0.3	0.06	0.02	0.2	0.39	0.8	0	0	0	0	0	0	0	0	-	-	0.57	0.82	0.47
Ggt1	-	0	0	0	0	0	0	0	0	0	0	0.01	0.18	0	0.01	0.85	0.94	0.69	0.95	0.95	0.71	0.64	0.1	-	-	0	0	0
Ggt5	-	0.04	0.81	0.2	0.86	0.11	0.24	0.93	0	0	0.86	-	-	-	-	-	-	-	-	-	-	-	-	-	-	0.09	0.02	0.01
Gins1	-	0.29	0	0	0	0	0	0	0	0	0	-	-	-	-	-	-	-	-	-	-	-	-	-	-	0.13	0	0
Gins2	-	0.02	0.15	0	0	0	0	0	0	0	0	0	0	0	0	0	0	0	0	0	0	0	0	0.01	0	-	-	-
Gja1	-	0.24	0.12	0	0.01	0.43	0.04	0.04	0.41	0.81	0	0	0	0	0	0.08	0.01	0.05	0.03	0.49	0.1	0.16	0.04	0	0	0	0	0
Gja3	-	0	0	0	0	0	0	0	0	0	0	-	-	-	-	-	-	-	-	-	-	-	-	-	-	0	0	0
Gja4	-	0.05	0.01	0.3	0.14	0.29	0.09	0.86	0.7	0	0	0	0	0	0	0	0	0	0	0	0	0	0	-	-	0.32	0.01	0
Gja8	-	0	0	0	0	0	0	0	0	0	0	0.08	0.84	0	0.69	0	0	0	0	0	0	0	0	0.89	0	0	0	0
Gjb2	-	0	0	0	0	0	0	0	0	0	0	0	0	0	0.05	0	0	0	0	0	0	0	0	-	-	0	0.02	0.02
Gjb3	-	-	-	-	-	-	-	-	-	-	-	0.04	0.74	0.33	0.43	0.04	0.09	0.08	0.16	0.04	0.19	0.27	0.11	-	-	-	-	-
Gjb4	-	0.01	0.03	0	0	0	0	0	0	0	0	-	-	-	-	-	-	-	-	-	-	-	-	-	-	-	-	-
Gjc1	-	0.38	0.01	0	0.01	0	0.03	0	0	0	0	-	-	-	-	-	-	-	-	-	-	-	-	-	-	0	0	0
Gje1	-	0	0	0	0	0	0	0	0	0	0	-	-	-	-	-	-	-	-	-	-	-	-	-	-	-	-	-
Gkn3	-	1	0.85	0.07	0	0.55	0.09	0.07	0.01	0.06	0	-	-	-	-	-	-	-	-	-	-	-	-	-	-	-	-	-
Glb1l2	-	0.18	0.92	0.19	0.93	0.54	0.32	0.27	0	0.28	0	0.06	0.63	0.32	0.49	0.24	0.48	0.33	0.52	0.31	0.72	0.8	0.83	-	-	-	-	-
Glipr1	-	0	0.06	0.63	0	0	0	0	0	0.61	0.01	0	0.03	0.04	0.02	0.42	0.39	0.46	0.39	0.23	0.73	0.9	0.01	0.13	0.06	0.08	0	0
Glipr2	-	0	0	0	0	0	0	0	0	0	0	0	0	0	0	0	0	0	0	0	0	0	0	-	-	0.93	0	0.15
Glis3	-	0.1	0	0	0	0	0	0	0	0	0	0.15	0.02	0.99	0.65	0.63	0.86	0.45	0.5	0.95	0.66	0.13	0.68	0.01	0.01	-	-	-
Glrx	-	0.08	0	0	0	0	0.05	0	0	0	0	-	-	-	-	-	-	-	-	-	-	-	-	-	-	0.7	0.03	0.17
Glt8d2	-	0	0	0	0	0	0	0	0	0.76	0.8	0.32	0.67	0.48	0.59	0.09	0.12	0.29	0.02	0.22	0.72	0.68	0.76	-	-	-	-	-
Glyat	-	0.15	0.65	0.2	0	0.17	0.01	0.06	0.01	0	0.68	-	-	-	-	-	-	-	-	-	-	-	-	-	-	-	-	-
Gm12185	-	0.46	0.25	0.12	0.3	0.76	0.29	0.07	0.02	0.2	0.07	-	-	-	-	-	-	-	-	-	-	-	-	-	-	-	-	-
Gm13247	-	0.12	0.52	0.27	0.24	0.86	0.32	0.37	0.19	0.21	0.3	-	-	-	-	-	-	-	-	-	-	-	-	-	-	-	-	-
Gm14005	-	0.01	0.03	0	0	0	0	0	0	0	0	-	-	-	-	-	-	-	-	-	-	-	-	-	-	-	-	-