ENSMUSG00000024907	6.76132321078942e-214	2.14336430461581e-14	1.19292984889612e-09	0.999946184926184	0	5.38138808647344e-05
ENSMUSG00000056737	1.09990285897761e-74	1.00760091287618e-15	0.733954992466369	0.266039942588098	0	5.06494553246519e-06
ENSMUSG00000028108	0	2.47155331191098e-05	0	3.01515115016758e-81	0	0.999975284466881
ENSMUSG00000035493	0	3.69968729520676e-07	0	1.50224596921933e-52	0	0.99999963003127
ENSMUSG00000030560	0	3.86629464752964e-08	0	1.21552670930152e-18	0	0.999999961337053
ENSMUSG00000001131	0	1.48871618929102e-14	5.66320417143099e-26	0.999906991660403	0	9.30083395816394e-05
ENSMUSG00000025348	0	4.43052977319198e-11	8.90828758218242e-100	0.919771693841613	0	0.0802283061140822
ENSMUSG00000031207	0	2.1406888301813e-07	0	1.01365081039718e-59	0	0.999999785931117
ENSMUSG00000034595	4.45228438334546e-101	2.43029977553704e-15	0.0796140408757111	0.920371618946542	0	1.43401777448177e-05
ENSMUSG00000030774	8.76199977139095e-21	1.39455745691457e-18	0.999657931800977	0.000342059008400418	1.93272426525062e-234	9.1906221347637e-09
ENSMUSG00000002602	0	5.56251657461843e-09	0	5.90130710518473e-19	0	0.999999994437483
ENSMUSG00000039405	0	5.14625546948528e-14	2.24757713577032e-23	0.999911009218141	0	8.89907818071617e-05
ENSMUSG00000037820	3.27079008787969e-234	4.22034492009794e-15	2.02059912088644e-10	0.999976275164694	0	2.37246332421044e-05
ENSMUSG00000054555	1.19131039623539e-290	8.04883171777394e-15	1.02068876124414e-13	0.999973692989752	0	2.63070101377376e-05
ENSMUSG00000031825	0	8.08454968634023e-14	5.18355545134427e-51	0.999586048393917	0	0.000413951606001784
ENSMUSG00000020607	8.79335402483643e-07	6.57359990006562e-19	0.999879146097645	0.000119969820531183	1.88378007937407e-109	4.7464213791815e-09
ENSMUSG00000026193	0	1	0	0	0	4.73362155120391e-21
ENSMUSG00000006219	8.30579022993857e-63	2.70085613121601e-16	0.932527692607583	0.0674709370184311	0	1.3703739859148e-06
ENSMUSG00000020427	3.44404360740497e-242	6.83316128769939e-15	1.09166107893976e-10	0.999976808870315	0	2.31910205122594e-05
ENSMUSG00000041773	4.72450837096965e-26	5.07602226091801e-18	0.9990958747433	0.00090409707962494	4.20674813451072e-274	2.81770746109194e-08
ENSMUSG00000059248	0	1.68782371369099e-13	8.399777276708e-57	0.999449101815082	0	0.000550898184749414
ENSMUSG00000030123	0	2.28822711171732e-13	2.14307161881569e-35	0.999709396527775	0	0.000290603471996541
ENSMUSG00000026547	0	3.2856436229147e-14	2.61873625578899e-36	0.99986551453108	0	0.000134485468887278
ENSMUSG00000038400	0	6.76811854136479e-09	3.89378660253009e-258	6.50384424631905e-08	0	0.999999928193439
ENSMUSG00000030587	0.938168548243318	9.65450741697808e-20	0.0618198824952265	1.15684583736216e-05	1.17367883121291e-24	8.03081382575438e-10
ENSMUSG00000000957	0	9.18096856822527e-14	1.20793076083175e-34	0.999853712081765	0	0.000146287918143574
ENSMUSG00000026981	4.54287420996347e-20	2.22713039966279e-18	0.999503297663026	0.000496686441911388	6.24609979345002e-226	1.58950621927194e-08
ENSMUSG00000021091	0	1	0	0	0	3.64516717047796e-23
ENSMUSG00000028364	0	0.99999999999825	0	0	0	1.74989712070569e-12
ENSMUSG00000019987	4.09360438493957e-296	1.12217852443639e-14	9.62936082109484e-15	0.999957210464272	0	4.27895357071361e-05
ENSMUSG00000006800	2.50627607771065e-48	3.34742870964504e-17	0.990694105559467	0.00930570371977145	0	1.90720761946714e-07
ENSMUSG00000046186	2.64615314596392e-24	1.90789163625219e-18	0.999471058526855	0.000528928069831769	4.81659961056172e-266	1.34033137016073e-08
ENSMUSG00000042367	2.61975075500997e-110	3.4438056920091e-15	0.0204859815073598	0.979496927478159	0	1.709101447738e-05
ENSMUSG00000040998	0	2.53665094361972e-12	1.00754319882527e-64	0.934269129851009	0	0.0657308701464546
ENSMUSG00000073489	0.484654087971681	4.35910467212114e-19	0.515287518169679	5.83906281028949e-05	3.05911820939024e-45	3.23053709466707e-09
ENSMUSG00000046623	6.47278967592884e-22	2.31819201524446e-18	0.999532192844204	0.000467793193161947	3.241501419697e-243	1.39626342368797e-08
ENSMUSG00000004098	0	6.9746347735933e-14	3.75508685052571e-21	0.999882514338942	0	0.000117485660988263
ENSMUSG00000032085	0	4.93120627097668e-15	6.71470611821511e-18	0.999975205619873	0	2.47943801221371e-05
ENSMUSG00000028494	2.79539077082949e-30	7.5204337834019e-18	0.99811785856139	0.00188208759112217	0	5.38474881712245e-08
ENSMUSG00000000753	3.05806490282307e-81	4.72340526086116e-15	0.332130331079686	0.667850913513883	0	1.8755406426163e-05
ENSMUSG00000046159	0.454555391130707	2.53703032121166e-18	0.545174717046444	0.000269868446989167	5.67644357026011e-21	2.33758603537822e-08
ENSMUSG00000030208	0	4.30079662386972e-11	7.47555744949855e-160	0.00012555660188676	0	0.999874443355105
ENSMUSG00000054720	2.17702472182309e-15	9.83552805937333e-19	0.999776708448034	0.000223284703525863	7.29385463250427e-189	6.84843779122838e-09
ENSMUSG00000034457	0.998921997467904	1.52838170964353e-21	0.00107783813971425	1.64380430663068e-07	3.68508623362269e-14	1.19145317466024e-11
ENSMUSG00000039518	1.74710852097863e-165	4.26231390865801e-15	9.04238383879817e-06	0.999972542527344	0	1.84150888124661e-05
ENSMUSG00000042379	9.34177283794424e-32	2.33115203532904e-17	0.994124174111569	0.0058756016591022	4.74781761184814e-303	2.24229328717943e-07
ENSMUSG00000031659	6.50618965260178e-191	1.6848703053693e-14	4.49450997364006e-08	0.99995548040393	0	4.44746509533712e-05
ENSMUSG00000021943	7.09568239728844e-26	1.38445987769813e-16	0.980126944433248	0.0198715639996675	8.7891745381561e-216	1.49156708408728e-06
ENSMUSG00000018819	4.86935816989553e-11	1.62955601054833e-18	0.999768431917486	0.000231558162692504	8.65564584005831e-142	9.87112792103782e-09
ENSMUSG00000040212	4.39089884740361e-27	9.14814896732549e-18	0.99777659604611	0.00222332679162134	3.3687828099955e-281	7.71622682383789e-08
ENSMUSG00000000204	2.90476466178972e-46	4.87655049287739e-16	0.90664531618914	0.0933499838692149	0	4.6999416445179e-06
ENSMUSG00000003541	4.08440959337199e-52	1.97642558659862e-16	0.93458768690345	0.0654103934427335	0	1.91965381653278e-06
ENSMUSG00000074813	0.596833491919042	4.05349087832673e-19	0.403117405933136	4.90992819323195e-05	2.16061046212488e-42	2.86589052904252e-09
ENSMUSG00000000290	1.6129170861598e-13	1.24974576555539e-18	0.999774638420161	0.000225353594785941	2.17755183158353e-171	7.98489185017038e-09
ENSMUSG00000044456	0.00617903007472137	8.25721983041613e-19	0.993707484010874	0.000113480257388956	8.26842020761269e-68	5.65701544084699e-09
ENSMUSG00000002885	1.35210762182065e-31	5.97543688428799e-18	0.998571255581931	0.00142870789921187	0	3.65188574812132e-08
ENSMUSG00000029304	0	7.3929161645555e-09	5.29813327386621e-254	3.47411263490264e-08	0	0.999999957865958
ENSMUSG00000021281	3.37326586555252e-12	9.25855167576387e-19	0.999819231219403	0.000180762472764368	3.73251192425087e-157	6.30445947207545e-09
ENSMUSG00000030707	0.993847711494096	7.04217345248917e-21	0.00615149350015719	7.94953515703396e-07	1.00318524832265e-24	5.22310536816839e-11
ENSMUSG00000091553	0.184837923386684	7.12249468208952e-19	0.815068296204024	9.37753605164259e-05	4.26520575027831e-55	5.04877510624444e-09
ENSMUSG00000020905	0.998698946107393	2.03225946631011e-21	0.00130082692236477	2.2695243709317e-07	9.55500879457423e-13	1.6849400842333e-11
ENSMUSG00000035486	2.11351205355864e-85	5.89748486757855e-15	0.00629559977564395	0.993631979642333	0	7.24205820169569e-05
ENSMUSG00000043903	6.12139732032934e-90	3.88676638593793e-15	0.211880133101539	0.788102853636648	0	1.70132618093045e-05
ENSMUSG00000033788	3.4101038667737e-38	1.75894831629634e-17	0.996445872544173	0.00355403285546912	0	9.4600357434283e-08
ENSMUSG00000027656	1.48635419790213e-09	1.20705718215135e-18	0.999819088041382	0.00018090291524982	1.2264222521011e-129	7.55701369515176e-09
ENSMUSG00000020901	0.999438259741228	9.52717755810877e-22	0.000561637920608685	1.01704772663828e-07	6.25562782205094e-10	7.82770792476339e-12
ENSMUSG00000037411	0	4.27992066578522e-10	0	1.11591473665362e-161	0	0.999999999572008
ENSMUSG00000026822	0	4.56573860517748e-05	0	0	0	0.999954342613948
ENSMUSG00000009687	8.8573088882194e-19	2.80074997014119e-18	0.999382148495899	0.00061782938492106	3.919887438258e-212	2.21191794735763e-08
ENSMUSG00000000489	7.19387685501282e-32	1.06568708151784e-17	0.998117401943216	0.00188254137529661	0	5.66814869214836e-08
ENSMUSG00000071713	6.25584175379966e-12	1.15185714116921e-18	0.99980286494686	0.000197127724633454	3.08672960262264e-156	7.32225102196448e-09
ENSMUSG00000035929	0	9.63067678088569e-14	6.97028807624853e-30	0.998589211104277	0	0.00141078889562695
ENSMUSG00000056071	0.945337864381846	1.1309578597108e-19	0.0546491455072006	1.29891436303972e-05	2.07788103467963e-27	9.67323267165263e-10
ENSMUSG00000032643	0.953896966634977	4.16222141685482e-20	0.0460978498699804	5.18318685437229e-06	1.35317173136337e-32	3.08187770662429e-10
ENSMUSG00000021998	4.95657596001318e-56	2.15540893131543e-16	0.945980064229023	0.0540185989069306	0	1.33686404589966e-06
ENSMUSG00000032776	0.996879814997436	3.95018014843495e-21	0.00311972741031237	4.57560797565629e-07	1.45827736654562e-16	3.14537201782799e-11
ENSMUSG00000064080	0	0.989646401884054	0	0	0	0.0103535981159459
ENSMUSG00000004665	2.68726192572255e-187	3.16642608465881e-15	4.18229311622503e-07	0.999983066450979	0	1.65153197058195e-05
ENSMUSG00000044716	0.892416006819766	5.39502656145178e-19	0.107531279382027	5.27089018570556e-05	4.17179548492465e-12	4.89217881432558e-09
ENSMUSG00000025473	0.000371549796540323	1.19109392813047e-18	0.999442814895	0.000185625640103308	5.0158533209298e-79	9.66835607179686e-09
ENSMUSG00000018927	1.66574358868909e-90	4.89752924942392e-15	0.0327476944690826	0.967216268262854	0	3.60372680587686e-05
ENSMUSG00000054203	0.99809419422064	3.92362193394169e-21	0.00190539710258817	4.08530210063049e-07	1.13909681608921e-10	3.26517074400535e-11
ENSMUSG00000018924	4.34170202041886e-07	1.42665064594225e-18	0.99976353008841	0.000236024322331213	7.55834188969208e-107	1.14190565618878e-08
ENSMUSG00000046223	5.73306053870145e-31	1.11936385498433e-17	0.997024505045539	0.00297539978965302	1.52268082276924e-308	9.51648076884957e-08
ENSMUSG00000047798	0.963308484666115	3.92683327691815e-20	0.0366864721701979	5.04284815609182e-06	6.68398086720427e-32	3.15531328995549e-10
ENSMUSG00000027460	0.994185011699764	5.97265294239432e-21	0.00581426401696233	7.2423682070804e-07	1.3382677588349e-23	4.64531137491823e-11
ENSMUSG00000066113	0	3.80501213228356e-09	7.68890633069715e-143	0.0212717217735521	0	0.978728274421436
ENSMUSG00000027962	0	3.77253480335333e-12	8.96310403152729e-82	0.955369368033946	0	0.0446306319622818
ENSMUSG00000028859	1.55261921050916e-09	1.77665227468146e-18	0.9996863454223	0.00031363842349657	3.45110899692717e-127	1.46015843532526e-08
ENSMUSG00000021950	0.0176960128756927	2.38885001697448e-18	0.982007586490912	0.000296379950186763	1.27868698941902e-47	2.06832083500988e-08
ENSMUSG00000029161	4.54399251161221e-16	2.26442167524669e-17	0.996974607489614	0.00302517353314295	1.73762586452545e-146	2.18977242940812e-07
ENSMUSG00000034394	0	6.53853961888877e-15	1.8020445678432e-17	0.999942455892688	0	5.75441073058731e-05
ENSMUSG00000032548	7.81284700039346e-140	2.84927738420365e-15	0.000419114734684796	0.99956554289475	0	1.53423705623153e-05
ENSMUSG00000078763	0.999111005356871	2.28824284225061e-21	0.00088871889027817	2.25333308217487e-07	5.04002354453328e-08	1.93074751036428e-11
ENSMUSG00000053175	1.85450019357192e-11	9.73364051136841e-19	0.999787736310821	0.000212255933895513	4.30070729056075e-147	7.73673885428149e-09
ENSMUSG00000049866	3.96874507171203e-143	5.10460292197385e-15	0.000205512327100272	0.999775430331471	0	1.90573414236061e-05
ENSMUSG00000030579	0.999192556798697	1.31806075843745e-21	0.000807304130472089	1.39060216960773e-07	1.52443926956847e-13	1.0461798538007e-11
ENSMUSG00000023805	1.30349081482004e-11	1.27919782802584e-18	0.999793742175381	0.000206249781885108	2.98266475350882e-146	8.02969883978663e-09
ENSMUSG00000015950	0.424711001360826	4.42721476060266e-19	0.575227911939533	6.10834576558441e-05	7.69924529991833e-51	3.24198469654843e-09
ENSMUSG00000063727	2.49275910919783e-34	4.68953482240647e-17	0.994461410562954	0.0055383619999198	0	2.27437125968145e-07
ENSMUSG00000043613	0.97964407687511	6.02152309559949e-20	0.0203496985096261	6.22408835134013e-06	2.37241247314465e-16	5.26912677279552e-10
ENSMUSG00000027832	0	1.69498054860929e-12	7.85662595019172e-58	0.962812606688821	0	0.0371873933094835
ENSMUSG00000041605	6.79924264261363e-19	4.74020388720509e-18	0.999366245924067	0.000633727800687617	3.02182652543003e-206	2.627524513186e-08
ENSMUSG00000028874	0.999559185680416	8.22720532797802e-22	0.000440729699189651	8.28053064508615e-08	1.80853276210928e-09	6.55498958254783e-12
ENSMUSG00000025582	1.9422287183199e-31	1.23939677135482e-17	0.997755209572362	0.00224471927733477	1.1922632324637e-310	7.11503037252775e-08
ENSMUSG00000037974	1.03035513248934e-44	4.4628710435151e-16	0.918573104431991	0.081422597971544	0	4.2975964644539e-06
ENSMUSG00000056758	0.110618457217504	9.6342771982415e-19	0.889244169506011	0.000137365422493827	2.70419684180404e-51	7.85399134917212e-09
ENSMUSG00000007888	0.801858196399647	1.97893985115968e-19	0.198115032724491	2.67692965083066e-05	3.47349807510597e-41	1.57935410775454e-09
ENSMUSG00000033107	0.977464038008792	4.36931303692049e-20	0.0225308479339615	5.1136738100251e-06	1.28700148373458e-19	3.83436630773294e-10
ENSMUSG00000029661	0	4.86928495009313e-09	1.84162589819282e-212	1.35283175492192e-05	0	0.999986466813166
ENSMUSG00000050700	3.38089238495409e-22	1.28313217073534e-16	0.984383149735359	0.0156155253776519	1.17310200617506e-183	1.32488698919878e-06
ENSMUSG00000004105	1.67188083021173e-232	3.54947807585339e-15	6.62815799189027e-10	0.99998370156292	0	1.62977742603676e-05
ENSMUSG00000058624	0.217293004422868	6.80037823783509e-19	0.782610772650997	9.62177431530769e-05	1.80501700841824e-54	5.18298171982982e-09
ENSMUSG00000049723	0.995244905777274	6.44466278855137e-22	0.000260105895657903	5.91103103144905e-08	0.00449492921162711	5.13108042257537e-12
ENSMUSG00000042254	1.32876309598663e-91	7.02814402575545e-15	0.00202392883126763	0.997893838723058	0	8.22324456674192e-05
ENSMUSG00000097789	5.03884633239971e-08	1.20604065841345e-18	0.999829710448987	0.000170231575181729	1.23323410647641e-115	7.58736827463682e-09
ENSMUSG00000030450	4.81510862965392e-56	4.74000408456022e-15	0.289106619020625	0.710837431496575	0	5.59494827953961e-05
ENSMUSG00000026288	0.994097506690584	5.66683718147472e-21	0.00590180711712821	6.86149430505745e-07	1.75441682551579e-25	4.28576601076293e-11
ENSMUSG00000029334	0.999661421735938	6.19878951692241e-22	0.000338443195243507	6.26878069910102e-08	7.23760404567269e-08	4.97086340559789e-12
ENSMUSG00000027858	7.84396548422381e-05	1.22183502479037e-18	0.999766866956011	0.000154685458411204	3.81927123174709e-83	7.93073583695877e-09
ENSMUSG00000029552	4.0143304695054e-12	9.66968905913466e-19	0.999823838257809	0.000176155548955656	8.42331750148166e-157	6.18922056100356e-09
ENSMUSG00000021678	2.74089230830787e-15	1.32024080611262e-18	0.999700687305643	0.000299302774469183	4.28174218058374e-186	9.91988522326752e-09
ENSMUSG00000042734	0.772689565605549	2.36839631123188e-19	0.227282233679079	2.81990328437515e-05	8.11377596947585e-39	1.6825286477799e-09
ENSMUSG00000026042	1.68649328738036e-141	1.51913451304194e-14	4.12042950184067e-05	0.999913187652492	0	4.56080524748197e-05
ENSMUSG00000024529	1.71661834104967e-50	5.74637550773329e-17	0.983270373252057	0.0167292677904576	0	3.58957485285389e-07
ENSMUSG00000017057	1.60482546163075e-35	4.8428803388605e-17	0.989489479899868	0.0105101138690482	0	4.06231084104518e-07
ENSMUSG00000038677	1.31107199631069e-71	6.08114105718226e-15	0.0420272698969106	0.957900058260555	0	7.26718425279438e-05
ENSMUSG00000036908	5.18023147301745e-07	9.77113251035038e-19	0.999854457033836	0.000145018610801037	1.51741389632303e-106	6.33221528878715e-09
ENSMUSG00000109244	0.99883662581064	1.41214126110599e-21	0.00116321698439451	1.57194133532333e-07	1.73496700924454e-16	1.08312866662671e-11
ENSMUSG00000026536	0.998525264145775	3.17393202543721e-21	0.00147443324923501	3.00670282908262e-07	1.91031476843834e-09	2.43924651679797e-11
ENSMUSG00000059336	1.36589752901102e-08	7.75989260592949e-19	0.999864733603506	0.000135247546334699	5.86354942425242e-125	5.19118375212532e-09
ENSMUSG00000039037	0.988196855439555	6.18205473824427e-20	0.011265227590895	5.48063447700063e-06	0.000532435786596835	5.48476225321521e-10
ENSMUSG00000075284	0.00116368284223118	7.79386954198816e-19	0.998724357661183	0.000111954184331404	7.28193846502988e-77	5.31225403524842e-09
ENSMUSG00000059901	0.894479587891698	1.16128978796208e-19	0.105507038546167	1.33727359751807e-05	8.34452188049816e-36	8.26160447969028e-10
ENSMUSG00000006731	0.0119425451894097	1.10712245098979e-18	0.987921908277705	0.000135539103697758	7.31473642336771e-63	7.42918716042475e-09
ENSMUSG00000031962	7.69360081481113e-65	4.29854319555419e-15	0.624863384711844	0.375119222268889	0	1.73930192628686e-05
ENSMUSG00000026180	0.925466665410386	1.64442756681522e-19	0.0745146811142632	1.86520724840845e-05	1.22876505615812e-28	1.40286714011848e-09
ENSMUSG00000023159	0.285444454182543	4.93139307435986e-22	0.000134003536593836	4.33029270320158e-08	0.714421498973773	4.16255730485111e-12
ENSMUSG00000029371	7.94756707526786e-24	1.91718405494692e-17	0.996456611347551	0.00354321022548026	2.661355602749e-236	1.78426968915986e-07
ENSMUSG00000022952	0	6.36802434900712e-12	1.86378333066054e-70	0.993772966005432	0	0.00622703398820017
ENSMUSG00000112023	0.96224173976973	5.18008243838082e-20	0.0377518601504004	6.39965223916922e-06	2.54729040755992e-30	4.27630608298189e-10
ENSMUSG00000028965	0.998615133435871	2.88639407552196e-21	0.00138459436561633	2.72029750953369e-07	1.46890963740553e-10	2.18705367312266e-11
ENSMUSG00000029379	6.57523143886746e-05	2.23839401172458e-18	0.99961063445187	0.000323593667770385	7.90447129831225e-79	1.95659706283859e-08
ENSMUSG00000035042	0.27878220452341	2.45378132228314e-18	0.720949535135082	0.000268238611903694	7.75558590042654e-32	2.1729604032496e-08
ENSMUSG00000046245	0.870285569758212	7.45914467059042e-22	0.000245724021541231	6.5473168204727e-08	0.129468640741076	6.00280801085868e-12
ENSMUSG00000017737	1.30428167530441e-71	1.31670041720695e-15	0.719610228309023	0.280383278805347	0	6.49288562892024e-06
ENSMUSG00000021822	8.33311316289868e-66	2.84030011038783e-16	0.914983486360223	0.0850149663986068	0	1.5472411699895e-06
ENSMUSG00000030786	0.949841161611546	5.3003024356712e-20	0.0501521008425546	6.7371307418841e-06	4.73540966813002e-35	4.15157290268116e-10
ENSMUSG00000060402	1.61966848919284e-08	2.34000657933898e-18	0.999728419629163	0.000271549831247748	3.47487857606152e-111	1.43429040401458e-08
ENSMUSG00000053338	0.00283177051712742	9.67865884105333e-24	1.85026231462463e-06	7.64692130026003e-10	0.997166378455785	8.05419554252658e-14
ENSMUSG00000071714	0.996984359395552	3.74199112979096e-21	0.00301522972061754	4.10855820659909e-07	3.36541407105089e-21	2.80097500416378e-11
ENSMUSG00000040152	0	1.06173681748009e-09	1.13392210224161e-242	6.98211224181804e-07	0	0.999999300727039
ENSMUSG00000073421	5.641929409834e-12	1.90468427430702e-18	0.999731205718839	0.00026878279989361	9.00522878418543e-148	1.14756257990545e-08
ENSMUSG00000020077	1.74119647633329e-39	5.01580685400438e-17	0.988211018143867	0.011788593313771	0	3.88542361685409e-07
ENSMUSG00000027947	0.995678646937624	5.65827072007241e-21	0.00432065227222173	7.00742028977111e-07	1.58086755192495e-18	4.8124853507072e-11
ENSMUSG00000046805	4.68787528873014e-33	9.72708005643231e-18	0.998067569393067	0.00193237765649368	0	5.29504392727799e-08
ENSMUSG00000028680	2.41765064741691e-05	3.96649113886804e-18	0.999451146642867	0.000524640327538123	1.37604901011291e-66	3.65231206953371e-08
ENSMUSG00000012428	0	2.87203653956134e-13	1.18455211444013e-53	0.996132838807779	0	0.00386716119193376
ENSMUSG00000064246	0	3.66545760102942e-10	0	2.78939423496812e-92	0	0.999999999633454
ENSMUSG00000070687	4.52240842159553e-12	2.43882116475479e-17	0.997355350639881	0.00264441843384573	3.24756445086024e-109	2.30921750693765e-07
ENSMUSG00000115009	0.00108398548527167	6.97241821461238e-24	1.19852469305722e-06	5.4362642876267e-10	0.99891481544635	5.85716286041078e-14
ENSMUSG00000024990	0.988646342080139	4.19040977297545e-20	0.0113496202418386	4.03593606688131e-06	1.37356615294296e-09	3.68389460350729e-10
ENSMUSG00000032363	0.999355321064536	9.1349253865812e-22	0.000644581824383567	9.71029639411068e-08	1.03472786075059e-12	7.08169269467973e-12
ENSMUSG00000039153	2.1605090868008e-06	9.08595001019676e-19	0.999862813581263	0.000135019941459988	2.58191409616492e-100	5.96819003461092e-09
ENSMUSG00000029771	0.999619608267824	6.08533624316916e-22	0.000380325694457677	6.26718584697195e-08	3.36109048282758e-09	4.76932058202193e-12
ENSMUSG00000005124	0.195678443342966	6.40142236371432e-19	0.804234633820966	8.6918256570551e-05	4.61474020515169e-51	4.5794973287944e-09
ENSMUSG00000054871	0.99967400163146	5.74816779201144e-22	0.000300322410191345	5.81906735863937e-08	2.56177629867195e-05	4.68865253194674e-12
ENSMUSG00000038067	8.98140336915591e-52	1.53346305303612e-15	0.722031240346627	0.277952183143941	0	1.65765094303932e-05
ENSMUSG00000031444	0.984240209132264	6.30692216081285e-22	0.000249806893986022	5.80292981785326e-08	0.0155099259393802	5.07143366777657e-12
ENSMUSG00000025491	0	1.62509993333596e-11	8.20889670239289e-81	0.854490685468888	0	0.145509314514861
ENSMUSG00000030144	0.829435699516101	1.15955910955204e-21	0.000335814643397711	1.02840857603486e-07	0.170228382989931	9.71254492826787e-12
ENSMUSG00000032487	1.39454457335919e-170	4.61904757871925e-15	1.09576912556731e-07	0.999942040854056	0	5.7849569026892e-05
ENSMUSG00000038642	1.16509806781917e-148	9.73565949931034e-15	3.59604037221727e-05	0.999933561532754	0	3.04780635136325e-05
ENSMUSG00000042357	0.0223001439721363	4.06121190347208e-23	9.61934229656294e-06	3.38593675190178e-09	0.977690233299292	3.38267662926208e-13
ENSMUSG00000019194	0.999490812841564	4.59162380974053e-22	0.000234856126607663	4.60179880617566e-08	0.000274285010105682	3.73491106071002e-12
ENSMUSG00000078532	0.999317098274834	1.06391746652808e-21	0.000682784456896983	1.17213942380634e-07	4.55511952022128e-11	8.77580184245027e-12
ENSMUSG00000064147	0.966677387386804	7.34606549511018e-22	0.000278626537462844	6.77374412683696e-08	0.0330439183323074	5.98418453529106e-12
ENSMUSG00000002289	1.05967323410103e-207	3.00065791938524e-15	2.00207754603499e-08	0.999982728126282	0	1.725185293906e-05
ENSMUSG00000025650	1.56025765235818e-244	3.29467159470308e-14	7.55678587385571e-12	0.999924931299314	0	7.50686930965192e-05
ENSMUSG00000067212	0.997200805015558	3.72847314378434e-21	0.00279878924041939	4.05715657776259e-07	3.03733680057946e-17	2.8365021502503e-11
ENSMUSG00000019122	3.2027212432071e-07	2.54200178807063e-18	0.999627884952191	0.000371773884387593	9.07305802546704e-104	2.08912975177751e-08
ENSMUSG00000020641	0.826677130470248	4.85826611016764e-19	0.173268722842915	5.41423474103484e-05	1.22560953797757e-22	4.33942696254851e-09
ENSMUSG00000056529	0.999103390934828	7.55418286231142e-22	0.000318222210817548	7.2812741038455e-08	0.000578314035385305	6.22863803618252e-12
ENSMUSG00000031343	0.967132788348134	1.44102326483221e-19	0.032853010623303	1.41988426177494e-05	8.87670315755266e-10	1.29827516232635e-09
ENSMUSG00000068246	0.998755517862319	2.52727113875904e-21	0.00124423954998313	2.41840220479161e-07	7.28127262770692e-10	1.93502528032928e-11
ENSMUSG00000056054	0.998052114069494	2.29652606024243e-21	0.00066080821030265	2.0754713548455e-07	0.0012868701536246	1.94435492519061e-11
ENSMUSG00000049103	0.987746264714312	1.75821721616072e-20	0.0122517375499743	1.99759820331018e-06	6.34715015234454e-27	1.37510055632351e-10
ENSMUSG00000031075	6.24342473682613e-13	3.68958011579837e-18	0.999566716560961	0.000433261885106202	3.30438729930378e-149	2.15533087262265e-08
ENSMUSG00000026656	8.92926969743652e-06	9.85664004934822e-19	0.999839277339604	0.00015178644515615	1.09042427495864e-98	6.94554253495898e-09
ENSMUSG00000026073	0.998152820595778	3.70887695451321e-21	0.00184678797534893	3.91398078972818e-07	1.77410631243535e-14	3.07767817478421e-11
ENSMUSG00000053158	0.998874591558816	1.29321256105544e-21	0.00112526082660965	1.47604556057393e-07	1.98141484346296e-16	1.00177108698983e-11
ENSMUSG00000061878	7.56725461534326e-10	2.69131469515013e-18	0.999552198919311	0.000447777159813903	1.374308088954e-112	2.31641494985481e-08
ENSMUSG00000021804	0.00294225880198441	9.9885274387029e-18	0.996096807453623	0.000960842038711511	8.98851296560258e-37	9.17056808930991e-08
ENSMUSG00000043099	0.995692384957596	6.16521102862304e-21	0.00430697203582994	6.4296117538722e-07	3.87401031656114e-20	4.53983147521062e-11
ENSMUSG00000029581	7.41500647299749e-44	5.07946670161042e-17	0.990995977731732	0.00900377156227357	0	2.50705994390886e-07
ENSMUSG00000024737	0.999689301060909	5.6985270213277e-22	0.000310443728786982	5.80311830468315e-08	1.97174517351777e-07	4.60374168381007e-12
ENSMUSG00000004885	0.00132540128733716	1.54587994027327e-18	0.998447135622854	0.00022745010579615	6.48875420579401e-71	1.29840125268283e-08
ENSMUSG00000046240	0.0143186216938749	4.50719716855793e-22	6.08786104955664e-05	3.4921619631881e-08	0.985620464770116	3.8937581046374e-12
ENSMUSG00000109917	0.862322784340032	5.65718814770599e-22	0.000213310865374563	5.20382954068383e-08	0.137463852751686	4.61155152941837e-12
ENSMUSG00000028128	2.20964797468168e-133	5.30552746206663e-15	1.29582735820177e-05	0.999919686833818	0	6.73548925945444e-05
ENSMUSG00000032911	1.51274956641707e-06	1.56270436379858e-18	0.999804877014534	0.000193600373708237	2.02682178930754e-97	9.86219122203276e-09
ENSMUSG00000025804	0.0066768350945182	1.38718308116625e-18	0.993127642519892	0.000195511181694708	4.0656039577301e-66	1.12038952438033e-08
ENSMUSG00000023349	0.998943670915949	1.57447308035031e-21	0.00105616333583212	1.6573610580704e-07	1.39727610287776e-15	1.21113796010976e-11
ENSMUSG00000047810	0.995778709006288	5.04030648891375e-21	0.00422072173732987	5.69218089894092e-07	6.19273117273719e-20	3.82918431994293e-11
ENSMUSG00000027750	3.40636689311968e-43	4.93150063789898e-17	0.991353970845712	0.00864578589969951	0	2.43254588998646e-07
ENSMUSG00000022144	0.998702289111767	3.26928188601834e-21	0.00119448052332114	3.18959148580576e-07	0.000102911377936841	2.78266794335734e-11
ENSMUSG00000074934	0	4.57037697940215e-10	0	2.61951096957836e-112	0	0.999999999542962
ENSMUSG00000041828	2.1349689560098e-16	3.28355967566703e-17	0.995527421593953	0.00447224412780927	2.03683077534862e-143	3.34278237823846e-07
ENSMUSG00000105504	0.806743495180122	2.54497595463495e-21	0.000739390370502093	2.34629387123859e-07	0.192516879798111	2.18772567646413e-11
ENSMUSG00000001622	0.932786277130144	1.21606848863835e-21	0.000354652705197325	1.05865635740064e-07	0.0668589642890516	9.97151799195886e-12
ENSMUSG00000001506	0	3.50488071429485e-08	0	5.22931215492432e-14	0	0.999999964951141
ENSMUSG00000072720	0.967721718284281	1.57811431135125e-19	0.0322634122484671	1.48339880392175e-05	3.40632561519314e-08	1.41595680085122e-09
ENSMUSG00000031722	0.7460682613747	9.62893316414535e-22	0.000283896842761654	8.54650498263191e-08	0.253647756309443	8.04638555707461e-12
ENSMUSG00000025175	0.989091811392862	5.59308653109445e-20	0.0100390427984634	4.91211262066221e-06	0.000864233202851872	4.93202085172909e-10
ENSMUSG00000028174	0.124662511624202	5.31424189629702e-21	0.000710147379212751	4.14743167406944e-07	0.874626926207437	4.59805385572307e-11
ENSMUSG00000038135	1.11145826442592e-55	3.48980035245996e-15	0.384155915043278	0.615802721977698	0	4.13629790205698e-05
ENSMUSG00000059498	2.34947830056223e-06	8.77759680427209e-19	0.999855202239819	0.000142442110908203	4.1614393343693e-105	6.17097244202181e-09
ENSMUSG00000026068	0.00362340868474416	1.04680996350013e-23	2.14749717721725e-06	8.45860238277319e-10	0.996374442972131	8.75808783063813e-14
ENSMUSG00000002111	0.99951276744204	8.12106324513482e-22	0.000487150270391008	8.20069851850883e-08	2.74299018104916e-10	6.28522440409531e-12
ENSMUSG00000034957	0.999465019802808	1.20973702950734e-21	0.000523098103821267	1.11792764302855e-07	1.17702912052138e-05	9.40086851908015e-12
ENSMUSG00000048636	0.999606753474271	5.80242659433233e-22	0.000393182710756078	6.27178162508803e-08	1.09251441357784e-09	4.64252651628704e-12
ENSMUSG00000055148	1.37869542331783e-21	6.7483326711759e-17	0.991620887148977	0.00837846210273917	6.69504596789522e-188	6.50748283536354e-07
ENSMUSG00000039899	1.02492674706432e-17	8.64835932109868e-18	0.99838928256499	0.0016106347824536	1.01749690390519e-175	8.2652555902722e-08
ENSMUSG00000057933	0.994145766279615	2.09412152449909e-20	0.00585219980735164	2.00501192175447e-06	2.87176840795412e-08	1.8342764885254e-10
ENSMUSG00000036887	1.21582787334054e-09	1.88142252403035e-18	0.999754355084182	0.000245632176833405	2.35836675207782e-125	1.15231573170341e-08
ENSMUSG00000069516	0	2.0368722810363e-14	3.85852424170408e-17	0.999954769335016	0	4.52306649638124e-05
ENSMUSG00000022602	0	2.76827254011737e-11	1.96602167806192e-237	6.02087233764565e-10	0	0.99999999937023
ENSMUSG00000020758	6.05780299856862e-05	1.43736351623696e-18	0.999764531991539	0.000174880614960538	1.02946232316636e-80	9.3635149841093e-09
ENSMUSG00000051439	8.32310538879015e-07	1.42907908642115e-18	0.999740920750551	0.000258234286856064	2.61224383847415e-99	1.2652054202116e-08
ENSMUSG00000028581	5.62073156583456e-17	1.8539331995626e-18	0.999643119864715	0.000356868074358386	2.60691615023606e-202	1.20609267239108e-08
ENSMUSG00000030142	0.0284748942703663	7.27790468311394e-23	1.59288117745664e-05	6.02815150686293e-09	0.971509170889095	6.12919359029893e-13
ENSMUSG00000039942	0.00347678354494256	1.33618343729841e-23	2.70587552249098e-06	1.07245986297083e-09	0.996520509506964	1.1079442578523e-13
ENSMUSG00000038608	0.99762872374117	4.04117960432178e-21	0.00237087186031961	4.04368161792377e-07	1.43066151441071e-14	3.03338433267808e-11
ENSMUSG00000050359	1.36516528111008e-14	6.05603190138968e-18	0.998936824218235	0.00106311865995327	6.12750314022048e-157	5.71217982061816e-08
ENSMUSG00000020826	0.0592900172585916	2.57583582327425e-22	5.64392659771843e-05	2.15516849689793e-08	0.940653521921568	2.17822703476763e-12
ENSMUSG00000036545	1.77822102005753e-56	8.69140212549228e-16	0.899070151560518	0.100926064270327	0	3.78416915459012e-06
ENSMUSG00000053560	3.52840438285856e-301	1.93337194600366e-14	3.46449443095639e-17	0.999773492019391	0	0.000226507980590071
ENSMUSG00000022126	0.67891032826972	3.35527885631929e-21	0.000765598758624953	2.89298911708587e-07	0.320323783643938	2.88046425358264e-11
ENSMUSG00000031504	0.999130120980772	1.66137045281475e-21	0.000869636820558379	1.7758532902739e-07	6.45993524814402e-08	1.39884131518998e-11
ENSMUSG00000032035	6.03305531532312e-39	1.17348575270755e-17	0.996460102203359	0.00353981717685635	0	8.0619784513387e-08
ENSMUSG00000024300	0.999219254820084	1.26006699588117e-21	0.00078061762997923	1.27533567255811e-07	6.75950360418254e-12	9.60969608582976e-12
ENSMUSG00000042759	0.999478596529347	9.30849562836925e-22	0.000521291151385978	9.23952347043899e-08	1.99168062390205e-08	7.22585229295514e-12
ENSMUSG00000054855	4.18773746844288e-28	3.16585140223564e-17	0.993146645614986	0.00685302412260334	2.98696432283117e-259	3.30262410256128e-07
ENSMUSG00000063796	3.96555957800556e-06	7.62530980529388e-18	0.999063610915529	0.000932350829904049	4.64397432721066e-64	7.26949884482477e-08
ENSMUSG00000022112	0.622275447514993	2.24347292433053e-18	0.377508577385809	0.000215954604659846	4.52189648074213e-16	2.04945374951553e-08
ENSMUSG00000029915	0.998167130300701	3.11618507125635e-21	0.00183253642156097	3.3325277664393e-07	6.97123779844824e-17	2.49617053053955e-11
ENSMUSG00000012519	0.00393516727682309	1.00173027764508e-23	2.18882463136988e-06	8.21668138186291e-10	0.996062643076794	8.37445020108826e-14
ENSMUSG00000021457	0.708878247014751	2.26072262280039e-19	0.291091773042219	2.99783061602716e-05	2.0826721202063e-44	1.63687009166689e-09
ENSMUSG00000029019	0.00106132120117391	8.21335579914559e-24	1.3326218191711e-06	6.35789816983549e-10	0.998937345541148	6.94507265447602e-14
ENSMUSG00000042793	0.436979422380926	5.21790163394236e-19	0.562955465057807	6.51089024406171e-05	7.49727413101103e-48	3.65882600743049e-09
ENSMUSG00000027398	8.87155864336133e-05	1.14533677276337e-18	0.999724032219544	0.000187242804642758	4.71835113435221e-85	9.38937955303298e-09
ENSMUSG00000096753	0.00267585875661177	8.38423405318284e-23	1.01405303823901e-05	6.19608264919630e-09	0.997313994516207	7.15850759055545e-13
ENSMUSG00000040747	0.415040085688853	8.38691646364508e-19	0.584851817861902	0.000108089651664333	8.84652001553872e-46	6.79758098122622e-09
ENSMUSG00000047180	0.995827811799622	7.4724327969307e-22	0.000315792133734146	6.9709372476417e-08	0.0038563263513103	5.96122504769064e-12
ENSMUSG00000034765	0	4.2387395028009e-11	4.06131634948572e-121	0.0191697636808921	0	0.980830236276721
ENSMUSG00000039997	0.925494047246029	1.48812399844065e-21	0.000507213717986375	1.40714427197145e-07	0.0739985983088913	1.26665069558926e-11
ENSMUSG00000018920	0.106495320499643	7.67989771789083e-19	0.893402201189038	0.000102472865962222	4.69158025812181e-53	5.44535624137577e-09
ENSMUSG00000035692	0.996893564210115	8.44246390030925e-21	0.00310558375524117	8.50753418343757e-07	1.20846457018005e-09	7.27612567890672e-11
ENSMUSG00000020099	2.18005496482527e-11	1.4150658529594e-18	0.999775100697506	0.000224890277380026	1.21982311986269e-141	9.00331352439054e-09
ENSMUSG00000046879	1.64944098640802e-94	4.31443179049682e-15	0.00751674032779563	0.992435493539069	0	4.77661331307325e-05
ENSMUSG00000018008	0.963136423548669	3.10573913692809e-20	0.0368596156204013	3.96060017910315e-06	1.35691066593136e-34	2.30750162133043e-10
ENSMUSG00000022367	0.998628837708065	1.95581873619358e-21	0.0013709567108155	2.05566337552036e-07	1.65211715855877e-16	1.47818204494503e-11
ENSMUSG00000048163	0.999669469773363	6.22077471497233e-22	0.000330349112783822	6.28996633001805e-08	1.18209171230028e-07	5.01896390187311e-12
ENSMUSG00000079293	0.00308266768578511	1.15035392506922e-18	0.996749873124936	0.000167450248477439	9.30341448746914e-72	8.94080141762406e-09
ENSMUSG00000032135	0.995736094364715	4.2391886942762e-21	0.00426339101454091	5.14588163816551e-07	1.88096628726788e-22	3.258061202348e-11
ENSMUSG00000047443	0.00110434067147663	4.16746282196048e-24	7.86029024134323e-07	3.2989891392772e-10	0.998894872969565	3.4848690601928e-14
ENSMUSG00000024679	0.998958037781426	9.21811439840889e-22	0.000335374908617694	8.48722721544765e-08	0.000706502430158778	7.52545682927291e-12
ENSMUSG00000027859	2.84712990817232e-41	3.01808988534226e-16	0.940134932173412	0.059861949815773	0	3.11801081436478e-06
ENSMUSG00000105402	0.00170472690068073	3.55038282483885e-23	4.73640231671641e-06	2.68252058220599e-09	0.998290534014179	3.03286545066398e-13
ENSMUSG00000094845	0.999356445478464	1.54831699535602e-21	0.000632865767203676	1.41092475862033e-07	1.05476498485862e-05	1.20073786207475e-11
ENSMUSG00000032691	0.258042781735806	2.28398357339711e-22	7.46874866198545e-05	2.07133353710749e-08	0.741882510062334	1.90482477100864e-12
ENSMUSG00000031375	4.75037756982173e-218	8.47188399680847e-15	2.73578775444951e-09	0.999974518557002	0	2.54787072020096e-05
ENSMUSG00000026832	0.0550245948507855	5.79648010248576e-23	1.65708302030399e-05	5.00035763382089e-09	0.944958829318177	4.76966157775557e-13
ENSMUSG00000020399	0.00636046610551233	1.37375836470201e-23	3.02697343631255e-06	1.1173878585583e-09	0.99363650580355	1.13661616013375e-13
ENSMUSG00000039639	0.00223088858593394	5.88663656188715e-23	7.48346560131284e-06	4.40935241317333e-09	0.997761623538609	5.03506909209555e-13
ENSMUSG00000021622	0.0680799515425731	1.47424601095408e-21	0.000236548583221937	1.20289302045784e-07	0.931683379572101	1.28017936936066e-11
ENSMUSG00000008136	0.197159910879736	3.49481099396859e-22	9.85894131179383e-05	2.97062652049645e-08	0.802741469998058	2.82344912007344e-12
ENSMUSG00000085925	0.0994406373989234	1.63576457910185e-22	4.34681996554489e-05	1.41610454442606e-08	0.900515880239004	1.37177409120203e-12
ENSMUSG00000033220	0.992586995504447	1.14633408681361e-20	0.00741170522942569	1.2991739218248e-06	1.26427300047076e-23	9.2205105637441e-11
ENSMUSG00000060924	0.000219751480845549	8.28833639946905e-19	0.999661224876888	0.000119018080503887	1.1622962575094e-82	5.56176284791701e-09
ENSMUSG00000022534	0.00539611964660465	1.42522960818325e-23	3.05780163913319e-06	1.16423522045715e-09	0.994600821387402	1.19205674064004e-13
ENSMUSG00000035498	0.00630126258297972	4.74220349948679e-23	8.79184765972164e-06	3.86286615532097e-09	0.993689941706089	4.05783678160239e-13
ENSMUSG00000074183	0.00168308522163775	2.03257292351881e-23	3.04551399912674e-06	1.56188311682785e-09	0.998313867702307	1.73412588275544e-13
ENSMUSG00000028337	0.999679431423043	6.16684897873182e-22	0.000288676465612854	5.86165666507605e-08	3.1833489914908e-05	4.86224420426319e-12
ENSMUSG00000024538	0.998653040668299	2.30769882907995e-21	0.00134673001791381	2.29295882054584e-07	5.10091823812209e-13	1.73953128373059e-11
ENSMUSG00000040488	4.2896834558671e-18	4.69120946629656e-18	0.999363319465205	0.000636653379310245	5.00997197983168e-194	2.71554851717815e-08
ENSMUSG00000002847	0.945705085468753	1.49362214537749e-21	0.000448878097547866	1.26076114565543e-07	0.0538459103458208	1.17634799396802e-11
ENSMUSG00000016524	0.0225019062230774	2.68408772391156e-22	4.65883128888212e-05	2.17898240783476e-08	0.977451483671892	2.31750507876428e-12
ENSMUSG00000043895	0.999715620192542	5.112291899711e-22	0.000275184014253009	5.13056124843107e-08	9.14448349074079e-06	4.10204067415398e-12
ENSMUSG00000028037	0.986734228455767	4.56980217247053e-20	0.0132613210639465	4.45007270095746e-06	1.03106635475156e-11	3.9727482857417e-10
ENSMUSG00000025780	0.997489924081106	5.43577199278228e-21	0.00250956833317257	5.07542699206689e-07	2.29342369983509e-12	4.07289340640532e-11
ENSMUSG00000030789	0.962193450841364	5.37709762547391e-20	0.0378008763990548	5.67237648069898e-06	1.1552965285061e-29	3.83100618665146e-10
ENSMUSG00000054905	0.00190748773470301	1.35640241688884e-23	2.19902734723041e-06	1.05307630451551e-09	0.998090312184758	1.15133521679363e-13
ENSMUSG00000028972	0.999626312509795	6.66701240020809e-22	0.000373588130691572	6.634658245223e-08	3.30077133708908e-08	5.21807194908936e-12
ENSMUSG00000043740	0.841892651259817	1.05562965626992e-21	0.000310770684295495	9.32121777472939e-08	0.157796484834937	8.77254245194453e-12
ENSMUSG00000070691	0.999237173590148	1.59126775187612e-21	0.000568107856295114	1.39308321417797e-07	0.000194579232891947	1.23433618975401e-11
ENSMUSG00000019256	0.800361007738941	1.73198312471419e-19	0.199613383342854	2.56074688899796e-05	1.02151059501577e-36	1.44931414111892e-09
ENSMUSG00000042377	3.06391576366441e-24	7.23087617397052e-17	0.989678907859609	0.0103203598144321	1.52701194761061e-211	7.32325959110581e-07
ENSMUSG00000040653	0.989894508262997	6.22836556441421e-22	0.000246375590026771	5.72196271345412e-08	0.00985905892235821	4.9911652739336e-12
ENSMUSG00000022479	0.99937537579789	1.20542652218132e-21	0.00062450023067461	1.23773677524481e-07	1.8795710183579e-10	9.80038370825078e-12
ENSMUSG00000071715	0.460938460343614	4.06046352201033e-22	0.000128552422750311	3.54263270521468e-08	0.538932951804021	3.28826420101243e-12
ENSMUSG00000030589	0.0139364191078872	2.27068388792342e-23	5.56133316205099e-06	1.87735438823388e-09	0.98605801768141	1.8620978783792e-13
ENSMUSG00000045382	0.644568176234441	4.98375884162966e-22	0.000167401144538837	4.48400585145792e-08	0.355264377776868	4.09360931838505e-12
ENSMUSG00000011256	0.999060207296559	1.63465823284801e-21	0.000939630399898268	1.62255803416171e-07	3.52749177762128e-11	1.24643344299648e-11
ENSMUSG00000028268	0.0107435269366841	1.12933018069344e-18	0.989083584607166	0.000172878882668017	6.63710647343107e-55	9.57348174008305e-09
ENSMUSG00000034116	0.99941370702672	9.88897162693511e-22	0.000586192427243086	9.95319759346852e-08	1.0064149893803e-09	7.64593188521709e-12
ENSMUSG00000022014	0.00823155632032806	2.14891997536474e-23	4.74564380943798e-06	1.72624113860537e-09	0.991763696309446	1.75104409499699e-13
ENSMUSG00000054404	0.99911793689744	1.45849164814282e-21	0.000881903115078562	1.59972044245337e-07	3.33521437925359e-12	1.21024039017233e-11
ENSMUSG00000042190	0.999404828820505	1.21553095773906e-21	0.000595050924035412	1.15455648117164e-07	4.7904878518753e-09	9.3236587604346e-12
ENSMUSG00000079227	0.999629547931466	7.17597046860994e-22	0.000370344690134379	7.061645489875e-08	3.67562781722109e-08	5.66702845070787e-12
ENSMUSG00000049130	0.984207810520247	2.62458912249003e-20	0.015789172391703	3.01687273742694e-06	9.78344331485554e-26	2.15312802843449e-10
ENSMUSG00000024691	0.0698209460426369	1.60511809338294e-18	0.929965344767352	0.000213695601426818	1.86097724812699e-52	1.35885839562762e-08
ENSMUSG00000037095	0.347953905463949	9.5644972744103e-22	0.000220400327111584	8.13063142918031e-08	0.651825612894502	8.1232747839133e-12
ENSMUSG00000053930	0.315140450452593	4.1476890088608e-19	0.684794938999851	6.460738408158e-05	1.33731698087023e-52	3.16347477562227e-09
ENSMUSG00000020865	0.999627851477375	8.20376458929561e-22	0.000365993014593161	7.64314963219285e-08	6.07907013691143e-06	6.39858783959371e-12
ENSMUSG00000050370	3.69146471748487e-05	1.73551408540995e-18	0.999670710219757	0.000292358904015485	4.52985019048668e-77	1.62290526599518e-08
ENSMUSG00000022221	0.00219176517849008	7.10981095038923e-24	1.38827941666232e-06	5.61755891734302e-10	0.997806845980279	5.88785454116953e-14
ENSMUSG00000040552	0.998798708330016	1.76347831309352e-21	0.00120110377251757	1.8788386620713e-07	4.51795408500989e-16	1.3599412920477e-11
ENSMUSG00000049988	0.00190899745493292	7.51940121894333e-24	1.39936037415946e-06	5.85903886703502e-10	0.998089602598727	6.20743283946553e-14
ENSMUSG00000036896	2.48171571492673e-07	1.50242391273279e-18	0.999803486809646	0.000196255501025275	1.04676855664383e-104	9.51775739933902e-09
ENSMUSG00000023232	0.998681506157203	1.72435391324048e-21	0.00131830461359148	1.89215940219002e-07	1.62326724156881e-17	1.32656166189057e-11
ENSMUSG00000036905	1.27715741979752e-05	1.11088924543551e-18	0.999835771987922	0.000151449186428812	1.1968946896384e-91	7.2514509498991e-09
ENSMUSG00000027435	0.982022975688072	1.76459871465568e-20	0.0179748143734821	2.20980274503891e-06	3.23404609212942e-31	1.35700903907306e-10
ENSMUSG00000071068	0.11090579224698	1.21376828886795e-22	3.46762227838924e-05	1.05582551363006e-08	0.889059520970975	1.00630986525669e-12
ENSMUSG00000020143	0.997809302421759	2.98940865294198e-21	0.00219037789906902	3.19656661378159e-07	6.03646059522008e-17	2.25110347031557e-11
ENSMUSG00000035697	0.998986697456831	1.21318616145936e-21	0.00101316655957666	1.35974220499293e-07	9.53217660294728e-16	9.3712046933951e-12
ENSMUSG00000063632	0.99688164602279	6.39723021746658e-21	0.00311769927408101	6.54623658687288e-07	2.80452749629381e-11	5.14253344241997e-11
ENSMUSG00000079363	0.00106218234993072	6.10716336323281e-24	1.09723333087535e-06	4.81479989839895e-10	0.998936719935207	5.12506801713798e-14
ENSMUSG00000059146	0.996280725485378	3.81100435549145e-21	0.00371881468702999	4.59797961621598e-07	1.15844252313666e-20	2.96298553547607e-11
ENSMUSG00000057346	0.997594339267454	9.27107557325302e-22	0.000387069698392012	8.66966623798198e-08	0.00201850433007281	7.41876727509651e-12
ENSMUSG00000022385	0.999029258466668	2.66892209449295e-21	0.00097046201426451	2.57680745655561e-07	2.18159734043575e-08	2.23488093395254e-11
ENSMUSG00000026535	0.653654248129768	4.99935194867693e-21	0.00115595827907127	4.39619415877501e-07	0.345189353928488	4.32572375631589e-11
ENSMUSG00000040528	0.41958194959377	3.35228693968672e-22	0.000109769968573119	2.96504891884735e-08	0.580308250784439	2.72901788159931e-12
ENSMUSG00000026979	0.998175451524801	5.38837093115717e-22	0.000235473078025961	5.12121873362118e-08	0.00158902418063553	4.3498361508111e-12
ENSMUSG00000027315	0.998447112183723	4.34976687033663e-21	0.00155245541081563	3.78841901302812e-07	5.35305699961602e-08	3.29903479104782e-11
ENSMUSG00000027500	1.38716496806304e-06	2.26258321777217e-18	0.999746369506996	0.000252229010867912	1.45052433586852e-91	1.43171684237214e-08
ENSMUSG00000056498	0.00159664639385981	6.05559333120656e-24	1.14370551827942e-06	4.77864633898769e-10	0.998402209422707	5.04807792315266e-14
ENSMUSG00000025044	0.704252310409405	3.54486713594041e-19	0.295703190705466	4.44961655609202e-05	4.03149305676486e-43	2.71956733230409e-09
ENSMUSG00000031662	0.00205807728090471	7.25722218654557e-24	1.41248161062557e-06	5.70621077047032e-10	0.997940509666804	5.98076861582895e-14
ENSMUSG00000025746	0.428201258592393	2.3327128775582e-18	0.571561958635228	0.000236762584964827	1.45419385588619e-24	2.01874150456968e-08
ENSMUSG00000061808	0.00262383235040245	7.69227730467378e-18	0.996563487826561	0.000812607904024695	3.90262145834369e-39	7.19190115037718e-08
ENSMUSG00000112148	0.785508201653524	6.70081328772687e-22	0.000225829835226774	6.06903312582408e-08	0.214265907815385	5.53387813049224e-12
ENSMUSG00000027469	1.21056548324473e-10	2.68636637354448e-18	0.999533312395319	0.000466664719403777	6.81736240464757e-135	2.27642206818036e-08
ENSMUSG00000036480	0.998833094774372	3.32054818438642e-21	0.00116495378736783	3.21951582390125e-07	1.62945832587414e-06	2.8352176621893e-11
ENSMUSG00000042265	0.999313653324215	1.79890002115777e-21	0.000686043934454102	1.72867872366115e-07	1.29858538349182e-07	1.49200210934678e-11
ENSMUSG00000032338	4.08668845325593e-14	3.63603097145077e-17	0.996082146134074	0.0039175035026707	5.69149495975427e-124	3.50363214082694e-07
ENSMUSG00000074476	0.114732206872142	2.33447767259861e-22	5.63280055202997e-05	1.98949662986521e-08	0.885211445225406	1.96619075919301e-12
ENSMUSG00000078249	0.00350848710703913	3.11041461101832e-23	5.35355609702418e-06	2.4758024769101e-09	0.996486156860796	2.6527758440652e-13
ENSMUSG00000017652	0.218487687893641	5.80422585534053e-22	0.000144254270812113	4.74284623291467e-08	0.781368010402436	4.64869340559293e-12
ENSMUSG00000020057	0.00217630819525157	5.98482518446699e-24	1.239840684662e-06	4.86391550551775e-10	0.997822451477622	5.0211838768452e-14
ENSMUSG00000017697	0.00199715292853233	6.55967291843554e-24	1.27617906579864e-06	5.2360243077813e-10	0.998001570368744	5.48873228880795e-14
ENSMUSG00000022831	0.9986446158467	1.53677108048126e-21	0.00135520792897666	1.76212469947322e-07	9.50173423760163e-18	1.18533887045291e-11
ENSMUSG00000031098	0.143254078916002	2.43071808011404e-22	6.4130861419339e-05	2.01195156340597e-08	0.856681770101112	1.95080152872076e-12
ENSMUSG00000027420	0	1.00467493122721e-11	0	5.40486313105907e-34	0	0.999999999989953
ENSMUSG00000056973	0.816355505859828	2.56776976830599e-20	0.00441936329180208	2.1808845762581e-06	0.179222949738724	2.25069566590519e-10
ENSMUSG00000030214	0.0381745048579727	5.36516387192964e-23	1.377574232607e-05	4.49729627858045e-09	0.961811714901965	4.40333677572606e-13
ENSMUSG00000037280	0.435968391712629	1.05175158853771e-21	0.000265498130290209	8.55958711356636e-08	0.563766024552852	8.3577109003776e-12
ENSMUSG00000032744	0.00148181804897462	2.50098404143756e-18	0.998270909527371	0.000247256005370852	2.080615320034e-61	1.64182837389276e-08
ENSMUSG00000028019	0.817314330802583	3.09079388002091e-19	0.182654239719179	3.14273151112183e-05	3.95968220104091e-33	2.16312765340529e-09
ENSMUSG00000001348	0.996880424817208	7.24146331093329e-21	0.00311891625739895	6.58871471828629e-07	2.61113705824982e-13	5.365985638709e-11
ENSMUSG00000022887	0.363583798070225	6.88505831295925e-22	0.000186391604300611	6.06215188054642e-08	0.636229749698131	5.82432596062609e-12
ENSMUSG00000059089	0.00356548458582485	9.72695654513578e-24	2.01080689564107e-06	7.75047486855302e-10	0.996432503832152	8.0083775822881e-14
ENSMUSG00000062480	0.0113857694436883	3.41012243433269e-23	7.35024983740569e-06	2.84450231998347e-09	0.988606877461682	2.9002131312019e-13
ENSMUSG00000037731	0.97004844405808	6.79986668070836e-22	0.000261796689063943	6.20386216634888e-08	0.029689697208777	5.45765039626779e-12
ENSMUSG00000029553	0.0979442779553849	2.00220345428032e-22	4.66947683139994e-05	1.66699040398359e-08	0.90200901060473	1.66665685101902e-12
ENSMUSG00000058818	0.9997032696463	5.89857478078141e-22	0.00029146647617294	5.69269567388377e-08	5.20694591447804e-06	4.65602808719116e-12
ENSMUSG00000043263	0.00234326965031773	7.22853345298357e-24	1.4430568799996e-06	5.79275195556808e-10	0.997655286713467	6.0374407787323e-14
ENSMUSG00000033730	2.89046079130709e-28	1.18722824713034e-16	0.98343524594876	0.0165636153067578	5.31443774052942e-245	1.13874448238442e-06
ENSMUSG00000097636	0.00155686578957149	7.98447130686597e-24	1.4476977896987e-06	6.32921095247495e-10	0.99844168587965	6.7372505994366e-14
ENSMUSG00000003545	0	1.26542824256291e-11	0	7.23388573685646e-70	0	0.999999999987346
ENSMUSG00000028784	0.0915287098344863	3.70609095665355e-21	0.000500379990920093	2.89924077632827e-07	0.907970620218429	3.20873015886787e-11
ENSMUSG00000074923	0.989750330230059	5.29016650088233e-20	0.0101908937328634	4.65457730156912e-06	5.41209950063009e-05	4.64769470899491e-10
ENSMUSG00000044103	0.00229560193789435	1.49200412380039e-23	2.495822743678e-06	1.16813392216681e-09	0.997701901071101	1.26735177679477e-13
ENSMUSG00000062345	0.00125375326990341	1.1139135771802e-23	1.72913771220995e-06	8.53995717259367e-10	0.998744516738294	9.42900027134923e-14
ENSMUSG00000029343	0	6.43228522174503e-12	0	1.93763778572662e-60	0	0.999999999993568
ENSMUSG00000002699	0.84987933816748	5.34756174013092e-22	0.00019966863839072	4.87448232430913e-08	0.149920944444975	4.33157209443058e-12
ENSMUSG00000041827	0.0673911235786741	2.8141917721292e-22	6.17505013909455e-05	2.37256896876123e-08	0.932547102191848	2.39684721163054e-12
ENSMUSG00000026395	0.0128244196113422	8.58303757213485e-19	0.987060889367495	0.000114685161962291	3.01891583791473e-65	5.85920036258556e-09
ENSMUSG00000003484	0.011378831317727	1.92281386028357e-23	4.61137274105105e-06	1.58624297523046e-09	0.988616555723131	1.58157678664303e-13
ENSMUSG00000074652	0.94223029808373	2.9777515331537e-19	0.0577416597627887	2.80384158671728e-05	1.06150910222241e-09	2.67610498684159e-09
ENSMUSG00000111669	0.00131754504237409	3.27541330938378e-23	4.12287598621314e-06	2.43373998211988e-09	0.99867832964762	2.79666305783861e-13
ENSMUSG00000060063	0.997500626511107	1.34298818580166e-21	0.000431798451809864	1.22193799076832e-07	0.00206745283212098	1.11633994899383e-11
ENSMUSG00000027985	0.839063351154366	2.54453325629561e-19	0.160909790832996	2.68561973620843e-05	1.1761516651958e-31	1.81527590637406e-09
ENSMUSG00000015880	0.999254875313176	2.00517076680947e-21	0.000744612973901908	1.94127879770068e-07	3.17568211466329e-07	1.68310436655829e-11
ENSMUSG00000027555	0.999348106483112	1.60363204032452e-21	0.000649885409483088	1.60248732482285e-07	1.84784502535602e-06	1.36465722527308e-11
ENSMUSG00000000982	0.0210105714500833	6.54062352348474e-23	1.47032184261291e-05	5.55331408836794e-09	0.978974719777617	5.59161812471301e-13
ENSMUSG00000024965	0.999543118851868	8.12470305875166e-22	0.000456773527557952	8.15092634097848e-08	2.61049532530921e-08	6.35706074690778e-12
ENSMUSG00000028873	0.998793415996461	3.15959963070135e-21	0.00120626822283348	3.13820809479992e-07	1.93319179341291e-09	2.67043924697388e-11
ENSMUSG00000022504	0.553050319576867	1.70914573560432e-21	0.000413527662370211	1.37649586980693e-07	0.446536015097626	1.35492462842167e-11
ENSMUSG00000022218	1.30402339003242e-09	2.72592361484969e-18	0.999500367939853	0.000499604545255528	1.32305401246072e-113	2.62108677258319e-08
ENSMUSG00000040613	0.400365805149574	4.9647992851992e-22	0.000148459966886849	4.24085881490337e-08	0.599485692470973	3.97751046640434e-12
ENSMUSG00000017002	0.545130707364123	1.62911584118191e-21	0.00037224276295755	1.38776980942246e-07	0.45449691108208	1.38579613697254e-11
ENSMUSG00000027514	0.962755694870424	1.67887729954396e-21	0.000535095649547586	1.54503644303203e-07	0.036709054962209	1.41748207422288e-11
ENSMUSG00000068196	3.28041652565608e-50	7.31737560310625e-17	0.984500057520547	0.0154995779761837	0	3.64503269497139e-07
ENSMUSG00000029762	0.0863981021967137	1.19382803549539e-22	3.27957975715689e-05	1.00290506487147e-08	0.9135690919757	9.6434712440218e-13
ENSMUSG00000034906	0.998092609813736	4.21981936440807e-21	0.00190694928035321	4.40870165333561e-07	2.82760571261005e-13	3.54629018578354e-11
ENSMUSG00000052212	0.0318805673730617	1.09206312592518e-22	2.166184734892e-05	8.8224569525211e-09	0.968097761956215	9.17574815832917e-13
ENSMUSG00000031994	0.991222966715827	2.21039178866102e-20	0.00877502582923511	2.00729066355529e-06	7.01572668201597e-15	1.64267600914714e-10
ENSMUSG00000026866	0.822808746442396	2.37033794379912e-20	0.00409639644690324	1.97155727973944e-06	0.173092885350028	2.03393360597106e-10
ENSMUSG00000032332	0	1.58643174329772e-08	9.60874266875439e-243	1.98929365560169e-08	0	0.999999964242746
ENSMUSG00000026222	0.105927548185697	1.04649464095845e-22	3.14215369752152e-05	9.21268701237110e-09	0.894041021063774	8.66886353381557e-13
ENSMUSG00000058755	0.00244003909528398	7.47498203499245e-24	1.50722666413164e-06	6.04890763806091e-10	0.997558453073098	6.28670588291331e-14
ENSMUSG00000035557	0.821304404891068	2.78188730577927e-21	0.000772345214509716	2.52819120892988e-07	0.177922997051398	2.39032908629432e-11
ENSMUSG00000031762	0	2.28822627712512e-14	2.00528500819305e-33	0.999610861028637	0	0.00038913897134006
ENSMUSG00000030110	0.249929632240719	6.4518541164097e-19	0.74998566281318	8.47003590881307e-05	3.55029941786911e-49	4.58701290856735e-09
ENSMUSG00000096965	0.00136573229528288	5.10378509069731e-24	9.72919037378698e-07	4.04182988495493e-10	0.998633294381454	4.25933246902274e-14
ENSMUSG00000060131	0.00331635465096392	1.3850791890094e-23	2.511308058693e-06	1.08879779833669e-09	0.996681132952064	1.16035238632882e-13
ENSMUSG00000036111	0.999612145962884	7.00886790513545e-22	0.000387155568358904	6.98562858743447e-08	6.28606964183902e-07	5.50659184027709e-12
ENSMUSG00000052316	0.988394610434004	3.51088766624337e-21	0.000989009752975087	2.94323395881611e-07	0.0106160854619735	2.76516202143584e-11
ENSMUSG00000026278	0.95235219408363	1.8924371062764e-21	0.000558605449220892	1.59380121516561e-07	0.0470890410721272	1.48999652197583e-11
ENSMUSG00000036381	0.00175638403902342	7.27239052856073e-24	1.32165415581534e-06	5.70405871840831e-10	0.998242293736354	6.07334360080342e-14
ENSMUSG00000078122	0.00248209098346616	1.29629914322583e-23	2.21592726018344e-06	1.00964809559592e-09	0.997515692079517	1.09092696541275e-13
ENSMUSG00000027470	0.0117133933630476	1.25613277641261e-22	2.05910474093596e-05	9.89206895080295e-09	0.988266005696402	1.07253089271335e-12
ENSMUSG00000025930	0.00456360156925368	2.93906971547052e-18	0.9951636221652	0.000272756854340941	5.33568319747447e-55	1.94112056173407e-08
ENSMUSG00000029377	0.0368018311127374	5.89555970131163e-23	1.60494179447099e-05	5.14864153885649e-09	0.963182114320181	4.95628463727759e-13
ENSMUSG00000066361	0.0220875087296224	3.02604930356785e-18	0.977558078602403	0.000354386744490623	8.04471071171119e-53	2.59234842781461e-08
ENSMUSG00000038151	0.00951333194717473	2.08005814852699e-23	5.10705928095294e-06	1.75034927002618e-09	0.990481559243023	1.72336331266109e-13
ENSMUSG00000003779	1.0455902184894e-05	2.74714571345705e-18	0.999614920897946	0.000374600399893491	9.61527413390908e-88	2.27999756758737e-08
ENSMUSG00000108478	0.0464299503188771	1.52610511473822e-22	3.58950034626627e-05	1.26122770701556e-08	0.953534142064129	1.25402357027925e-12
ENSMUSG00000044786	0	2.88622294428389e-11	2.49241880078063e-250	3.20055362419149e-10	0	0.999999999651083
ENSMUSG00000036913	0.984533945611415	3.42876246701704e-20	0.00663587813606712	3.04673876991119e-06	0.00882712921051127	3.03236663410408e-10
ENSMUSG00000073514	0.437851022489824	1.14899855201295e-18	0.562035546772681	0.000113422762952446	6.5471427971144e-37	7.97454307437168e-09
ENSMUSG00000079138	5.26405660133163e-08	1.73658392076911e-17	0.998275441900943	0.0017243427101277	1.08231903389138e-74	1.62748363439233e-07
ENSMUSG00000032690	0.99916448685841	2.2549141779061e-21	0.000827815872342632	2.20047897164891e-07	7.47720212870055e-06	1.92217146402862e-11
ENSMUSG00000073490	0.995352299651511	5.40970944709251e-22	0.000230390767867641	5.13043132622912e-08	0.00441725827191863	4.38940792866193e-12
ENSMUSG00000020717	0.966409403996791	5.68824038237968e-22	0.000226415063282283	5.31967973713415e-08	0.0333641277384951	4.63398433596129e-12
ENSMUSG00000078945	0.0263466678150392	4.35290963914154e-23	1.06666751204221e-05	3.57862083262119e-09	0.973642661930865	3.54522837431761e-13
ENSMUSG00000004814	0.998159951363626	3.14006206878884e-21	0.0018397184199074	3.30191724074513e-07	4.53734048914694e-17	2.47424034728796e-11
ENSMUSG00000021765	0.65895780106244	5.60445770706962e-19	0.340984209564693	5.79854764209626e-05	1.44486077832798e-36	3.89644641935764e-09
ENSMUSG00000071862	0.00324440885638439	2.38174823272515e-23	4.21925372562504e-06	1.90766665951653e-09	0.996751369982021	2.02545346436857e-13
ENSMUSG00000028003	0.00900835653843243	2.54000096233466e-22	3.3017936993977e-05	1.92570908094985e-08	0.990958606265307	2.17529237364261e-12
ENSMUSG00000024803	0.000924337240238932	7.74134013531251e-19	0.998947763899864	0.000127892771441781	1.50003025724606e-71	6.08845497523604e-09
ENSMUSG00000013936	0.0114044978429178	3.02582293939965e-22	4.12287463187191e-05	2.3271149158819e-08	0.98855425013702	2.59448616140085e-12
ENSMUSG00000028068	0.125123636179353	1.39583351273599e-18	0.874691147214416	0.000185205017511288	6.9916749610507e-51	1.15887200785413e-08
ENSMUSG00000035004	0.137971598191907	1.51737450180429e-22	4.29943333115934e-05	1.30046279755224e-08	0.861985394468911	1.24201322944859e-12
ENSMUSG00000110622	2.52023308332857e-12	3.11915385762384e-17	0.996795039821905	0.00320466322439068	6.38155439705167e-109	2.96951184274865e-07
ENSMUSG00000067219	0.799222138959898	5.65394286277626e-19	0.20071388611869	6.3969861366845e-05	2.41636529217151e-22	5.0600458400318e-09
ENSMUSG00000030867	0.99104352105178	2.50354863086521e-20	0.00895396704602092	2.5116930809398e-06	4.29834891972857e-18	2.09118001827252e-10
ENSMUSG00000038943	1.29583764460348e-16	7.74881292430287e-18	0.998729997774069	0.00126993766005113	3.36295433671017e-185	6.45658794299627e-08
ENSMUSG00000056880	0.00548009516556054	1.5132720284872e-23	3.29049669429666e-06	1.21687529669302e-09	0.994516613120746	1.24026921726921e-13
ENSMUSG00000022371	0.997977572428753	5.15240878343358e-21	0.00202196845447333	4.5887633995456e-07	2.01782760303288e-10	3.86513587926788e-11
ENSMUSG00000032401	2.33486555205453e-199	6.56766105267171e-15	2.37696935832283e-10	0.999906195704175	0	9.38040581213734e-05
ENSMUSG00000042489	0.993825216848134	1.08101395835862e-20	0.00617353526936063	1.2477898553012e-06	1.2007722706097e-17	9.2650516666344e-11
ENSMUSG00000031871	0.425429236408751	3.66204484825015e-22	0.000118259919642351	3.29905638634195e-08	0.574452470678002	3.04116433404699e-12
ENSMUSG00000004371	0.336867950767464	5.7756929687259e-22	0.000152649132113125	5.04806496205897e-08	0.662979349614891	4.88152037791168e-12
ENSMUSG00000057604	0.837467094217843	6.38298885018108e-22	0.00024079952648366	5.84071887869159e-08	0.162292047843323	5.16165158441101e-12
ENSMUSG00000090958	0.999391677531273	1.46493414717956e-21	0.000606991674200608	1.33056118103073e-07	1.19772713680581e-06	1.12720029260176e-11
ENSMUSG00000072844	0.0764621275505839	2.38155654746e-22	5.89534202695772e-05	2.09415442300374e-08	0.923478898085555	2.04689269077252e-12
ENSMUSG00000029084	0.96908122715546	7.45636463386499e-22	0.000263607870705681	6.69001981652485e-08	0.0306550980676271	6.00866673698176e-12
ENSMUSG00000109145	0.00771807938839358	1.58515799917723e-23	3.56322143617183e-06	1.28695559967890e-09	0.992278356103084	1.3037962242627e-13
ENSMUSG00000024451	0.627990404450009	7.19240675466742e-22	0.000226290561614129	6.20386719053844e-08	0.37178324294396	5.74511385104489e-12
ENSMUSG00000020437	0.0329549601433134	5.29064569058356e-23	1.35087407952711e-05	4.38932711015456e-09	0.967031526726135	4.29646960703225e-13
ENSMUSG00000053797	0.00264317899751828	2.15917953942765e-23	3.62254928750913e-06	1.68622806335251e-09	0.997353196766784	1.82391820257343e-13
ENSMUSG00000026413	0.997524198239973	2.22785293154072e-21	0.000712031778713658	1.91063285789976e-07	0.00176357890063009	1.73975520015098e-11
ENSMUSG00000035365	0.00840109824411484	2.55753229840094e-23	5.14342858802903e-06	2.06396895351667e-09	0.991593756263114	2.14179676085922e-13
ENSMUSG00000045502	0.00146041504453496	8.73282424375434e-24	1.49756801168153e-06	6.84056416160688e-10	0.998538086703323	7.38109010284952e-14
ENSMUSG00000047250	0.999033437750554	1.45570320625997e-21	0.000966410306252141	1.51931805044633e-07	2.51658613202773e-13	1.11371684666365e-11
ENSMUSG00000052160	0.99944309975437	1.07484768258908e-21	0.000435819269959967	9.82048055665362e-08	0.000120982762454388	8.40971014243328e-12
ENSMUSG00000109051	0.985834928397177	8.55508183749925e-20	0.0138292593393179	7.1523540429745e-06	0.000328659162958889	7.46503099045723e-10
ENSMUSG00000037868	0.743150151500508	3.31078675659051e-19	0.256805687804997	4.41579001532386e-05	3.10337957498857e-32	2.79434124262821e-09
ENSMUSG00000066800	0.0198853325163612	2.85291218309967e-23	7.47467441756705e-06	2.39061462815983e-09	0.980107190418374	2.32880253564443e-13
ENSMUSG00000033777	0.996697246825635	5.21544935253542e-21	0.00330216422796067	5.88903688029302e-07	2.15617423551251e-19	4.2715824005249e-11
ENSMUSG00000026581	0.387424545609105	1.02771750880745e-21	0.000238291152256584	8.73168751548376e-08	0.612337075913054	8.70940907139468e-12
ENSMUSG00000019942	0.0724751895076573	2.18176187949429e-18	0.927258107239034	0.000266684857331813	5.4716534803912e-50	1.83959768198318e-08
ENSMUSG00000024521	0.878231372468179	2.70050182794404e-19	0.121743094154632	2.55314596902799e-05	3.10664834778649e-27	1.91749904336301e-09
ENSMUSG00000036777	5.62711511877183e-33	6.12017406262411e-17	0.988621162681966	0.0113783221171121	0	5.15200921354212e-07
ENSMUSG00000070469	2.38613200086896e-11	3.33580532566298e-18	0.999618664724634	0.000381315546146489	1.9293789044535e-135	1.9705358171655e-08
ENSMUSG00000030074	0.999715705247156	5.18162606420731e-22	0.000268249503964386	5.27156711806261e-08	1.59925289537963e-05	4.25489703866439e-12
ENSMUSG00000021903	0.999617731168129	7.61617327950674e-22	0.000381302134099055	7.84327799488225e-08	8.88258653006519e-07	6.33882761361256e-12
ENSMUSG00000034641	0.0114790953833982	2.32912467142974e-23	5.27190104584937e-06	1.9163740215388e-09	0.988515630798988	1.93647931285028e-13
ENSMUSG00000001403	0.863697247987767	3.90776268230582e-19	0.136261408521979	4.13402102914174e-05	1.06225736165584e-29	3.27996320849098e-09
ENSMUSG00000023959	0.00929272622147763	2.20082147513237e-22	3.11628568351059e-05	1.71813921984186e-08	0.990676093738397	1.89826092946627e-12
ENSMUSG00000024245	0.0018416439225088	3.71189995281007e-23	5.03427012253974e-06	2.82039583296130e-09	0.998153318986655	3.17523994773609e-13
ENSMUSG00000075122	0.0958917828881016	1.476413660802e-22	3.73050732151877e-05	1.24448224027982e-08	0.904070899592639	1.22168595051437e-12
ENSMUSG00000048779	0.354284325734764	3.74286352567402e-22	0.000113065886846756	3.32763215187375e-08	0.645602575098949	3.118672260896e-12
ENSMUSG00000026204	0	8.32081932646077e-14	8.90349724349857e-27	0.999867042472073	0	0.000132957527844241
ENSMUSG00000027611	0.831803691344553	1.26091237366625e-20	0.00247459947533811	1.06995555162417e-06	0.165720639115822	1.08735283760851e-10
ENSMUSG00000000682	0.998998991807368	1.06042315759095e-21	0.000373204146753236	9.76531416670276e-08	0.000627706384016586	8.72036708426981e-12
ENSMUSG00000032218	0.991330310964442	2.20257163329176e-20	0.00866741707605783	2.27177540037834e-06	1.13217447861065e-18	1.84099710683416e-10
ENSMUSG00000058427	2.61399175287468e-49	5.89737072868952e-16	0.859577147491346	0.140416285081603	0	6.56742705067496e-06
ENSMUSG00000002668	0.00145435922862196	5.72468454333411e-24	1.06024283853847e-06	4.47951001477741e-10	0.998544580080541	4.75372331923141e-14
ENSMUSG00000030220	0.99953254597414	1.03375743600332e-21	0.000467279189651507	1.01279301603811e-07	7.35485272003217e-08	8.37999955655942e-12
ENSMUSG00000034311	0.998533862130651	3.41055258422462e-21	0.00146578899060582	3.48840040784871e-07	1.0118128805349e-11	2.85841425379309e-11
ENSMUSG00000027533	0	3.39127725577481e-11	4.31975945252863e-144	0.000543705365002966	0	0.999456294601084
ENSMUSG00000054072	0.0432701724559579	1.25966250160158e-22	3.12958535575783e-05	1.08967034853802e-08	0.956698520792716	1.06471982333963e-12
ENSMUSG00000026043	5.78558689164955e-275	3.16465369618073e-14	1.44040980982525e-13	0.99993370050964	0	6.62994901840312e-05
ENSMUSG00000024056	0.641719521623646	9.79268026552129e-22	0.000267732827299585	8.55073377477223e-08	0.358012660033532	8.18449648386842e-12
ENSMUSG00000023034	0	3.96070603165686e-11	1.93664515899193e-99	0.0526929795259912	0	0.947307020434402
ENSMUSG00000030047	0.00308030840056797	9.57727713458082e-24	1.97531885669259e-06	7.61682216498612e-10	0.996917715518814	7.86426002933989e-14
ENSMUSG00000086564	0.00137918441278272	5.62899114764794e-24	1.02654372103398e-06	4.40974586457315e-10	0.998619788602475	4.6969228925485e-14
ENSMUSG00000048865	0.992207328201032	1.11783236172536e-20	0.00779150147122109	1.17024597310848e-06	6.71600665424998e-22	8.17742520764207e-11
ENSMUSG00000038147	0.999419774240909	1.22138450954386e-21	0.000579953595298775	1.14981946638945e-07	1.57172447603366e-07	9.39851937358251e-12
ENSMUSG00000049538	7.28174531440106e-23	1.19734846856178e-17	0.99857106494994	0.00142887005800732	5.95407178970379e-232	6.49920525280546e-08
ENSMUSG00000029372	0.999149333044141	2.45255903904026e-21	0.000747772788244162	2.26369130770878e-07	0.000102667777725524	2.07581804522539e-11
ENSMUSG00000036422	1.76930364150632e-06	3.12896968205831e-18	0.999681854324643	0.000316356599306858	5.73625057257623e-87	1.97724087228801e-08
ENSMUSG00000032561	0.00115672539292423	4.28172381677218e-24	8.24318853758334e-07	3.38910243562716e-10	0.998842449949276	3.55949286920474e-14
ENSMUSG00000066975	0	4.46943148800373e-12	0	2.65491170803003e-94	0	0.99999999999553
ENSMUSG00000018507	0.00720503121595361	1.18433199839257e-23	2.88289116213335e-06	9.8329311029535e-10	0.992792084909493	9.76231649253224e-14
ENSMUSG00000004730	0.999455453562578	1.27948649835559e-21	0.000513657284833891	1.15921915497224e-07	3.07732207373951e-05	9.93539216320074e-12
ENSMUSG00000070564	0.00869406141941463	9.22189688287909e-23	1.57428769336492e-05	7.42488104643575e-09	0.991290188277978	7.92584764069924e-13
ENSMUSG00000020000	0.112209445624098	1.78513003389403e-18	0.887612810049572	0.000177732294097346	4.60584503113716e-46	1.20322328855802e-08
ENSMUSG00000063060	0.00730525213432415	1.87813032075404e-23	4.1014662458161e-06	1.55544079746424e-09	0.992690644843831	1.58370929594874e-13
ENSMUSG00000106121	6.00267458614684e-20	6.91390701648044e-17	0.991976337969821	0.00802298855380119	1.46087894915335e-171	6.73476378080603e-07
ENSMUSG00000026787	0.995650320546348	4.99836875675862e-21	0.00434910949751004	5.69918347286683e-07	1.3597580151114e-20	3.77947233826972e-11
ENSMUSG00000053647	0.998558533712091	2.78945131492617e-21	0.00144119934182666	2.66923699756612e-07	1.46374452024827e-12	2.09186648009138e-11
ENSMUSG00000027496	0.999042597628353	2.80757044053385e-21	0.000957007003999045	2.66229037730117e-07	1.29115121327849e-07	2.34886476336796e-11
ENSMUSG00000042282	3.20101212450841e-05	6.17565330252967e-18	0.999208057614031	0.000759872861775597	6.9961948993422e-58	5.94029484650648e-08
ENSMUSG00000020475	0.121070474302481	3.52805536204848e-21	0.000542781861759643	2.8699308592672e-07	0.878386456811907	3.07661814986815e-11
ENSMUSG00000035594	0.00120855091755699	2.25072497955741e-23	2.98368017046553e-06	1.68926404263902e-09	0.998788463712817	1.91840331753487e-13
ENSMUSG00000036356	0.992517189377883	1.61863297115534e-21	0.000529802666388782	1.39547783136273e-07	0.00695286839525768	1.2687327686563e-11
ENSMUSG00000074179	0.000948570172832214	1.15691717999777e-23	1.68829567982548e-06	8.81890103838263e-10	0.999049740649499	9.85975675737963e-14
ENSMUSG00000027399	0.00239078423312915	6.38389792274821e-24	1.32495586263207e-06	5.16760136807846e-10	0.997607890294195	5.33496802918579e-14
ENSMUSG00000032024	0.920137958250755	9.34729188938217e-20	0.0798493616840977	1.26792669233632e-05	9.91356589038457e-33	7.98224156599316e-10
ENSMUSG00000018930	0.00106775088519269	8.86247978265803e-24	1.38916474734488e-06	6.82483400653967e-10	0.998930859267501	7.51920133604738e-14
ENSMUSG00000037544	0.998904882784735	2.85045190161875e-21	0.0010948360995057	2.79581920409709e-07	1.51003162600423e-09	2.38072070238823e-11
ENSMUSG00000000394	0.993714371717224	6.69198224535206e-21	0.00628476550607331	8.62721239765474e-07	6.42719710620769e-23	5.54624466356465e-11
ENSMUSG00000079012	0.741865777318187	6.76564267665302e-19	0.258058357782084	7.58590861499549e-05	4.04126611955113e-33	5.81357878611278e-09
ENSMUSG00000022372	0.999607634250504	7.0968197116473e-22	0.000392287529760681	7.25391567742524e-08	5.6748798931915e-09	5.69820865715181e-12
ENSMUSG00000033854	0.983764518295465	9.87878237706403e-20	0.01617621489967	8.33789297405014e-06	5.09280476983633e-05	8.64192220258608e-10
ENSMUSG00000051378	0.96566456525954	2.26338317166774e-21	0.000589104485421588	1.98277294982949e-07	0.0337461319586653	1.90777214266056e-11
ENSMUSG00000049404	0.00167292555096834	8.23841675306792e-24	1.47383303105617e-06	6.35978832982052e-10	0.998325599979954	6.79412716040546e-14
ENSMUSG00000021569	0.180879356566555	3.66058280024217e-22	8.98993783603031e-05	3.14250990760693e-08	0.819030712626893	3.09317332212308e-12
ENSMUSG00000087157	0.00119812995290893	2.9140601515354e-23	3.63572703249894e-06	2.15598334160296e-09	0.998798232163827	2.48421461399829e-13
ENSMUSG00000040026	0.0013751719258774	9.14346793073851e-24	1.4771649593153e-06	7.05880366763578e-10	0.998623350203206	7.72978043299834e-14
ENSMUSG00000032089	0.999603497079875	7.70330026994207e-22	0.000349217992863097	7.22810410989368e-08	4.72126401861517e-05	6.03505106781966e-12
ENSMUSG00000101389	0.00297396394316157	8.54004424965782e-24	1.73744344256392e-06	6.78630207464552e-10	0.997024297934695	7.04045481182954e-14
ENSMUSG00000063286	0.967209571644454	6.84892349795868e-22	0.000274000343502218	6.47253903609033e-08	0.0325163632810217	5.6322377604731e-12
ENSMUSG00000039748	0.14989816410859	3.38244461239502e-22	8.18852343941274e-05	2.91131402070684e-08	0.850019921541001	2.87430144417213e-12
ENSMUSG00000017716	0.998922015447163	2.97489628977043e-21	0.00107767835852156	2.89807897587884e-07	1.63613344793919e-08	2.50831754506413e-11
ENSMUSG00000031891	0.0013463661844412	2.49207468835754e-23	3.34630113950756e-06	1.86189097657581e-09	0.998650285652318	2.10766957665933e-13
ENSMUSG00000021965	0.00410816962426954	1.60209488374326e-23	3.0152167405192e-06	1.28284709170355e-09	0.995888813876008	1.35200214947258e-13
ENSMUSG00000059668	0.00906926625652292	1.50911277830149e-22	2.3935838370134e-05	1.21292463472667e-08	0.990906785774554	1.30681146852278e-12
ENSMUSG00000062248	0.00216279229579449	6.66838828454585e-24	1.32647948924927e-06	5.34786988798675e-10	0.997835880689874	5.56812444771283e-14
ENSMUSG00000038418	0	2.6724169342044e-11	0	2.88774387218377e-102	0	0.999999999973276
ENSMUSG00000041449	0.621067267628656	1.05242264023731e-21	0.000290258960053041	9.35145022161436e-08	0.378642379887861	8.92734288247105e-12
ENSMUSG00000021070	0.000829655035390118	5.55073120387961e-24	9.43275410591086e-07	4.32049252351628e-10	0.999169401257103	4.66245889701256e-14
ENSMUSG00000041431	0.998990384249386	3.32443131811892e-21	0.00100759910707286	3.06432267548114e-07	1.7101833562029e-06	2.7917498544986e-11
ENSMUSG00000039851	0.726837092968111	1.33303473996127e-18	0.273031641748031	0.000131253275415699	2.66543842382646e-18	1.20084430690759e-08
ENSMUSG00000018654	0.0571108180981708	7.36997307396376e-23	1.9680186663104e-05	6.21454960558797e-09	0.942869495500014	6.01954643278542e-13
ENSMUSG00000050578	0.0318791502632874	1.18085646130755e-22	2.54005101182144e-05	9.3859678812717e-09	0.968095439839672	9.54732643269157e-13
ENSMUSG00000044303	0.99832618158059	5.78533273980337e-21	0.00165683439408173	4.79970044777875e-07	1.65040108603989e-05	4.4422579312357e-11
ENSMUSG00000047501	0.00110234965094371	1.12125618354152e-23	1.74460037935133e-06	8.64207283403598e-10	0.998895904884375	9.51371577983409e-14
ENSMUSG00000020897	0.998230809907754	4.63455623649398e-21	0.00176872906788145	4.60966751443623e-07	1.86578905789751e-11	3.89549630724395e-11
ENSMUSG00000020649	5.43742041760425e-16	7.41063681331387e-18	0.998770329012679	0.00122960716293395	1.18055296335999e-178	6.38243867491931e-08
ENSMUSG00000055541	0.200014528342085	4.39222466520701e-22	0.000111063519340749	3.6062762398527e-08	0.799874372072294	3.51776131829166e-12
ENSMUSG00000040204	0.999126842642079	2.52045638274872e-21	0.000872533479635293	2.40957614233117e-07	3.82899416069705e-07	2.12550005259741e-11
ENSMUSG00000066363	0.89816913232752	2.9507923421209e-19	0.101799535927366	3.13292268652879e-05	7.23377998115259e-28	2.51824847802321e-09
ENSMUSG00000039116	0.464200220495314	8.57460600543356e-22	0.000234860035576781	7.15297631346385e-08	0.535564847932509	6.83615455764639e-12
ENSMUSG00000030790	8.36554228449389e-06	6.24371279902335e-18	0.999252983157324	0.000738593817109746	1.40023341256941e-64	5.74832818833417e-08
ENSMUSG00000020914	1.41779043009555e-161	4.93405180394053e-15	9.15271408193082e-07	0.999958077710691	0	4.10070178955116e-05
ENSMUSG00000020218	0.0010590567037533	2.17482810177288e-23	2.83855700107594e-06	1.62652181649471e-09	0.998938103112538	1.85642276976435e-13
ENSMUSG00000091956	0.98347840525953	1.08979358571666e-19	0.0157619502595458	8.84377402238937e-06	0.000750799757084612	9.49817623188376e-10
ENSMUSG00000116657	0.843810995744437	9.23204204248034e-19	0.156105214846264	8.37811818854075e-05	4.38595014243593e-13	8.2269742063056e-09
ENSMUSG00000020689	0.0082823915417534	3.9450387321445e-23	7.84655664315519e-06	3.12771068093749e-09	0.991709758773569	3.23899959757749e-13
ENSMUSG00000035273	0.958228206798156	1.07061737927059e-21	0.000356824537533676	9.95442377651941e-08	0.0414148691110398	9.03278597859345e-12
ENSMUSG00000025952	0	2.92119339499237e-13	2.84959483178321e-41	0.99353396442514	0	0.00646603557456782
ENSMUSG00000035683	0.998957284733466	3.21359758437425e-21	0.00104201076833947	3.04259914201757e-07	4.00211075978324e-07	2.72041616086527e-11
ENSMUSG00000025574	0.999081648394245	1.24642839381481e-21	0.000455421175768582	1.19948488459007e-07	0.000462810470947789	1.05506388016605e-11
ENSMUSG00000020808	0.998638323695125	4.12398132087868e-21	0.0013612743931302	3.92443738769427e-07	9.4333026770763e-09	3.47032068958679e-11
ENSMUSG00000028678	0.997892268904857	2.55210596764834e-21	0.000690134867736764	2.25077852057469e-07	0.00141737112818516	2.13690156115602e-11
ENSMUSG00000019846	0.936415646611843	2.46496975720732e-21	0.000663774606978351	2.02730958024172e-07	0.0629203760308454	1.93753991681987e-11
ENSMUSG00000038530	0.980508480886006	9.33912661547485e-20	0.0194827065400043	8.78577612600643e-06	2.59678213580319e-08	8.30042237077589e-10
ENSMUSG00000027379	0.971957989374298	7.75844639160304e-20	0.0280339504378897	8.0595337019176e-06	8.29875831507933e-23	6.5411003471823e-10
ENSMUSG00000024989	0.998974373033674	1.8197031020949e-21	0.000564641918541783	1.66328345841319e-07	0.000460818704188176	1.52503398930938e-11
ENSMUSG00000000031	0.999546028012503	8.93388274924494e-22	0.000453874742907439	8.61483346911123e-08	1.10893329019914e-08	6.92235301378365e-12
ENSMUSG00000046352	0.0710675916509712	9.93388393905204e-23	2.68704854958029e-05	8.61651307150385e-09	0.928905529246188	8.31743976890005e-13
ENSMUSG00000032254	0.808425378780449	3.79537580904425e-19	0.191529640425069	4.49776100482121e-05	2.0679150559648e-34	3.18443321490362e-09
ENSMUSG00000098112	0.999009434207814	2.24222740419773e-21	0.00099035004748567	2.06556905015487e-07	9.17074173418269e-09	1.70540354360677e-11
ENSMUSG00000044748	0.0025780517071668	1.78706797094301e-23	3.1596474066109e-06	1.43773607710656e-09	0.997418787207537	1.53311819838722e-13
ENSMUSG00000031165	0.00254937110963676	8.36463273999678e-24	1.63782397077381e-06	6.59201578263226e-10	0.997448990407122	6.89703948679642e-14
ENSMUSG00000052270	0.00642134965910781	3.21727645512059e-23	5.64816630176591e-06	2.53615897491857e-09	0.99357299963816	2.71893304619458e-13
ENSMUSG00000102517	0.00124739166035059	2.74707762256935e-23	3.55728169946593e-06	2.04719912189907e-09	0.998749049010517	2.33781711997727e-13
ENSMUSG00000074676	0.0452249264748658	1.44891576760184e-22	3.17032853415502e-05	1.15067442854127e-08	0.954743358731882	1.16605829388077e-12
ENSMUSG00000053846	0.983069204003657	8.79531615952898e-20	0.0169211247096578	7.88049741715834e-06	1.79001013708039e-06	7.79131145080695e-10
ENSMUSG00000061762	0.0363750978055443	8.5400530972448e-22	0.00012588595011575	6.69535396633187e-08	0.96349894928344	7.35995793058683e-12
ENSMUSG00000032523	0.00104567089934629	2.2402484223772e-23	2.89468132245907e-06	1.67268456627169e-09	0.998951432746455	1.91237790385871e-13
ENSMUSG00000021250	0	1.84944875769874e-11	0	3.14492678115132e-64	0	0.999999999981505
ENSMUSG00000022901	0.00193372189508189	7.57224997526194e-24	1.46250518847861e-06	5.95689586548461e-10	0.998064815003978	6.24383493865809e-14
ENSMUSG00000020709	0.00512414130213004	1.44401260374252e-23	3.1085605189451e-06	1.15754863975448e-09	0.994872748979684	1.18113585258576e-13
ENSMUSG00000079553	0.13991749368791	2.31954394846027e-22	6.00569293757606e-05	2.01096345435289e-08	0.860022429271127	1.95256994006568e-12
ENSMUSG00000020892	0.442752431333297	8.26296514761662e-21	0.00147295572587313	6.88042591316894e-07	0.55577392482646	7.17787779578792e-11
ENSMUSG00000032783	0.018664236830053	7.60191480731995e-23	1.44271470345291e-05	6.11912925825442e-09	0.981321329903141	6.41996529840502e-13
ENSMUSG00000103560	0.0044383586066962	5.64518026478775e-23	8.88460116896196e-06	4.42720616789912e-09	0.995552752364446	4.82827590550562e-13
ENSMUSG00000115252	0.00201413514995907	2.12570289422192e-23	3.40644435896469e-06	1.6442301416974e-09	0.997982456761273	1.79035997503445e-13
ENSMUSG00000031264	0.00209623663380767	7.74301327359347e-24	1.45890976799298e-06	6.05495894894232e-10	0.997902303850865	6.39698389746411e-14
ENSMUSG00000025064	0.251192671611465	5.57038221629712e-22	0.000155899347197677	4.78597022542462e-08	0.748651381177095	4.54017626658888e-12
ENSMUSG00000024912	0	2.34719306808233e-14	2.36184302521841e-20	0.99963393021402	0	0.000366069785956993
ENSMUSG00000031262	0.166564136799579	3.65952637615131e-22	8.78719783174414e-05	3.13406281784961e-08	0.833347959878376	3.09943609218118e-12
ENSMUSG00000112307	0.97092761912713	1.4091883137505e-19	0.0290594367019585	1.29154496778556e-05	2.74882531139858e-08	1.23298095800942e-09
ENSMUSG00000105893	0.00185849541129677	1.82152585987504e-23	2.95927109506924e-06	1.40712223061456e-09	0.998138543910333	1.52526872740762e-13
ENSMUSG00000074782	0.998230251476852	5.25767028148734e-21	0.00176913847808066	4.52883579922568e-07	1.57121479518106e-07	4.00077684281294e-11
ENSMUSG00000103722	0.00336184227590935	4.490743827226e-23	7.04714410871445e-06	3.5004385696981e-09	0.996631107079162	3.81164501630431e-13
ENSMUSG00000045545	0.998609017505542	3.87534464740386e-21	0.00112346508507882	3.22460376090293e-07	0.000267194919041057	2.99620172690764e-11
ENSMUSG00000027955	0.080158057115192	2.66159634537592e-22	5.87510244079546e-05	2.11387992353404e-08	0.919783170719466	2.13514155471864e-12
ENSMUSG00000106229	0.00180343949335031	2.71327319938961e-23	4.01202873925378e-06	2.08665804724034e-09	0.998192546391022	2.30633978221499e-13
ENSMUSG00000078920	0.00578886420702761	2.22994948799409e-23	4.59333602803187e-06	1.85283930094154e-09	0.994206540603915	1.90303584753617e-13
ENSMUSG00000053980	0.015428169516255	2.45843058308568e-22	4.00452269175503e-05	1.96568362031167e-08	0.984531765597885	2.10642572208913e-12
ENSMUSG00000105846	0.937533111996556	3.02473604299941e-20	0.00536404647057915	2.5387032098828e-06	0.0571003025677135	2.61941453020889e-10
ENSMUSG00000068099	0.00107957928099831	1.99726175739382e-23	2.64494707293295e-06	1.49699362464561e-09	0.998917774274765	1.70183938755994e-13
ENSMUSG00000079017	0.0937966347779003	2.15102722913638e-22	4.98215350720989e-05	1.81698820405943e-08	0.906153525515329	1.81679750646687e-12
ENSMUSG00000025189	0.324648286848068	7.43144283272585e-21	0.00127216889443868	6.22084876165288e-07	0.674078922107851	6.47658049886185e-11
ENSMUSG00000040710	0.00242787075057991	8.63775776245043e-24	1.67119011709634e-06	6.77559947515958e-10	0.997570457381672	7.10679665843121e-14
ENSMUSG00000040133	0.98851948666516	1.84232035152004e-21	0.00056808464016039	1.56358683508311e-07	0.010912272321565	1.4431555784416e-11
ENSMUSG00000028587	0.0010490786978949	7.92931872574449e-24	1.2519406647095e-06	6.10970964129847e-10	0.998949668750402	6.72045132055028e-14
ENSMUSG00000038415	0.0135650146469839	2.82719609792538e-22	4.11941119803887e-05	2.19200535538372e-08	0.986393769318559	2.42349528062749e-12
ENSMUSG00000030218	0.0224439100813569	4.05914740633373e-23	9.5841983880692e-06	3.31772237288194e-09	0.977546502402201	3.31661061804282e-13
ENSMUSG00000020185	0.0203332141172192	3.76785297561486e-23	9.06762979124772e-06	3.19077648518649e-09	0.979657715061896	3.1673864217125e-13
ENSMUSG00000022322	0.343390780276143	9.4086225404136e-22	0.000212766301997681	7.91885749988695e-08	0.656396374225349	7.93559704633324e-12
ENSMUSG00000028339	0.998640006886845	3.81278028856202e-21	0.00135942123786007	3.32820755185087e-07	2.39025489861665e-07	2.90496649113234e-11
ENSMUSG00000040345	0.00488006216138566	1.54689029545888e-23	3.14945524793876e-06	1.21999221774716e-09	0.995116787163248	1.26367402852879e-13
ENSMUSG00000024818	0.0028611377986522	1.13090693882357e-23	2.14988595560719e-06	8.81206348337524e-10	0.997136711434093	9.27614863631634e-14
ENSMUSG00000116903	0.00101936081442846	2.19977041612174e-23	2.779273253941e-06	1.62694570925417e-09	0.998977858285185	1.87182232662369e-13
ENSMUSG00000038379	0.144524357714177	3.31341941517061e-22	7.72999872441527e-05	2.80334558979973e-08	0.85539831426233	2.79344201509593e-12
ENSMUSG00000041782	0.0035249523271712	1.67409572327325e-23	3.38805138189534e-06	1.38677824212102e-09	0.996471658234526	1.42867832690638e-13
ENSMUSG00000024227	0.722954898462457	9.19911985439391e-19	0.276940580674314	0.000104512354946921	8.17551662237005e-21	8.50828230822803e-09
ENSMUSG00000067299	0	1.12087054033486e-13	9.96337304825379e-33	0.997679646428875	0	0.00232035357101284
ENSMUSG00000024565	0.00103532106625388	2.04841024564547e-23	2.71426683311714e-06	1.53932910190117e-09	0.998961963127409	1.74990846814626e-13
ENSMUSG00000044201	0.0058135197103751	2.52806169560652e-23	4.59253908129523e-06	2.00060462308736e-09	0.994181885749726	2.12626471793378e-13
ENSMUSG00000099373	0.00389085281508297	6.38257356089399e-23	9.58768977428677e-06	5.00685711050837e-09	0.996099554487736	5.49557525322052e-13
ENSMUSG00000023992	0.0238391220614633	6.74388046888844e-23	1.47144959586354e-05	5.36470901463143e-09	0.976146158077324	5.45011738843177e-13
ENSMUSG00000114279	0.00712849994404043	6.30450895150758e-23	1.11064736814149e-05	5.02511884014766e-09	0.992860388556625	5.33956059903841e-13
ENSMUSG00000039236	0.00138393552040979	9.54777828563618e-24	1.61390483660542e-06	7.46558711957319e-10	0.998614449828114	8.0733497848096e-14
ENSMUSG00000029380	2.81601177872208e-15	1.07193114276765e-17	0.998230498676035	0.00176939339035896	1.26503635328059e-147	1.07933602794063e-07
ENSMUSG00000020330	0.994738948599467	1.33093075570004e-20	0.00525968599222904	1.36529671355194e-06	1.5207406876349e-16	1.11590648213305e-10
ENSMUSG00000103195	0.00316435669134177	2.42976734308276e-23	4.09884621457067e-06	1.85357796417483e-09	0.996831542608666	1.99852433914854e-13
ENSMUSG00000058019	0.00220639125782734	4.75947674996713e-23	6.44176980272367e-06	3.6281786266687e-09	0.997787163343783	4.08026072404048e-13
ENSMUSG00000015957	0.982092762491264	5.12428582391086e-21	0.00142586560225862	4.53698227208685e-07	0.0164809181659157	4.23344149439363e-11
ENSMUSG00000046179	0.999317988163707	1.62370326881429e-21	0.000675488803279943	1.65256064385576e-07	6.35776302893741e-06	1.39193151842464e-11
ENSMUSG00000045871	0.0011324819779024	5.87518158769383e-24	1.04958468261399e-06	4.57916044473767e-10	0.99886646797945	4.87988295779934e-14
ENSMUSG00000105720	0.00188424820693509	3.02233133340752e-23	4.40978080059049e-06	2.32060887457014e-09	0.998111339691398	2.56977351957816e-13
ENSMUSG00000062859	0.424761908392493	8.8949236458109e-21	0.00157411997500919	7.52096635191628e-07	0.573663219458255	7.76078338257065e-11
ENSMUSG00000116665	0.00107578923152089	2.13575876523239e-23	2.84885066372968e-06	1.61122701387123e-09	0.998921360306406	1.8269920995839e-13
ENSMUSG00000049625	0.099395521151948	1.45914682146773e-22	3.81879185881445e-05	1.21375147719901e-08	0.900566278790769	1.18030059793403e-12
ENSMUSG00000073658	0	6.53450854006598e-13	1.37073441900433e-47	0.985045804927744	0	0.0149541950716024
ENSMUSG00000028185	0.0133331650914324	4.1747566008103e-22	5.56342433462557e-05	3.21552628598819e-08	0.98661116850636	3.59854075707851e-12
ENSMUSG00000097039	0.00067373079419084	6.19456288472024e-24	9.55418205811726e-07	4.72088478706381e-10	0.999325313315463	5.21403477025833e-14
ENSMUSG00000034773	0.00198163510638858	1.17084277904242e-23	1.93912948858062e-06	9.07445655547441e-10	0.998016424856578	9.87370614664593e-14
ENSMUSG00000108216	0.000965963166726241	1.16793565232176e-23	1.73583463921502e-06	8.84542585708275e-10	0.999032300113994	9.81182709130165e-14
ENSMUSG00000070803	0.0146057347845988	2.69773754281885e-22	4.10531683522399e-05	2.13223713502955e-08	0.98535319072235	2.32762956601209e-12
ENSMUSG00000018381	0.099710980823327	2.57956530566682e-22	6.10482153846893e-05	2.0824618329433e-08	0.900227950134601	2.06899266870561e-12
ENSMUSG00000047216	0.000985500063797518	1.70282848205439e-23	2.24268429285716e-06	1.26953670263168e-09	0.999012255982228	1.44784161299744e-13
ENSMUSG00000026628	0	2.59670255865067e-11	2.40786078266171e-264	1.55040348252523e-11	0	0.999999999958529
ENSMUSG00000087263	0.0028297748462683	4.51250220336043e-23	6.62161061943085e-06	3.4836013126993e-09	0.997163600059124	3.86666624590373e-13
ENSMUSG00000021485	0.00471995735963019	1.8425815309452e-23	3.44833057397617e-06	1.46781249671069e-09	0.995276592841828	1.54891044534076e-13
ENSMUSG00000034829	0.989889994123785	3.86245005162446e-20	0.0101058632063779	3.82132357417737e-06	3.20999154872032e-07	3.47107912312695e-10
ENSMUSG00000025978	0.0168368763097235	6.01885084828558e-23	1.25053526427821e-05	4.74921740430448e-09	0.983150613587929	4.87497916099935e-13
ENSMUSG00000025425	0.640505277385674	5.08662636275376e-22	0.000183884038906827	4.75042517393662e-08	0.359310791066932	4.23643504898182e-12
ENSMUSG00000053310	0.194438868484628	5.28829186694416e-21	0.000818868345954609	4.25466231636829e-07	0.804741837657302	4.58833699198044e-11
ENSMUSG00000040061	0.239463815901157	5.30322849245017e-22	0.000132791612984172	4.32067404854082e-08	0.760403349274886	4.23291555821322e-12
ENSMUSG00000108077	0.00411551129999388	6.74479259807354e-23	1.01086944191335e-05	5.22260411742953e-09	0.995874374782409	5.74066557855316e-13
ENSMUSG00000113003	0.00107751551612429	1.47568031751047e-23	2.13176968305292e-06	1.11319479234816e-09	0.998920351600874	1.24133741893367e-13
ENSMUSG00000111709	0.00114434136687487	1.47281978676794e-23	2.10930941685091e-06	1.11504617554091e-09	0.998853548208537	1.25278921643854e-13
ENSMUSG00000069892	0.00303967905216785	1.74907012730148e-23	3.13716475018511e-06	1.3489192092389e-09	0.996957182434019	1.43603341908041e-13
ENSMUSG00000102581	0.00248573512887307	5.19448289662456e-23	7.18187388600681e-06	3.97026887202538e-09	0.997507079026527	4.44706754300115e-13
ENSMUSG00000049112	0.00245488425585068	6.71739450134755e-24	1.38836292404992e-06	5.41326448699698e-10	0.997543726839843	5.58745177818678e-14
ENSMUSG00000049539	0.993523671203159	7.54848377439761e-21	0.00214234719033416	7.00273777343398e-07	0.00433328126808129	6.46486125984735e-11
ENSMUSG00000028031	0.98669639109788	3.18789697756768e-20	0.0133007066668624	2.90200311501246e-06	5.30571378975274e-18	2.32142118785792e-10
ENSMUSG00000052974	0.00273485678613106	4.9946055053306e-23	6.80311495817939e-06	3.74653742253653e-09	0.997258336351948	4.24972421436713e-13
ENSMUSG00000074280	4.05662643627401e-10	6.83028790089193e-18	0.998913468053354	0.00108646273900126	1.7970714697536e-103	6.88019819932101e-08
ENSMUSG00000113680	0.00122613423732471	2.65812291183949e-23	3.48877948638227e-06	1.99728892948751e-09	0.998770374985673	2.27251663568655e-13
ENSMUSG00000025945	0.950473330227886	3.24310676837309e-19	0.0494983144367128	2.81245693811851e-05	2.27878374541479e-07	2.88764575487775e-09
ENSMUSG00000089952	0.000930002128359421	1.08094251447201e-23	1.62644234022153e-06	8.23609937469062e-10	0.999068370605599	9.12520010012778e-14
ENSMUSG00000061527	0.000243830535349331	4.52191673224475e-18	0.999214385896173	0.000541742458124459	1.03455849908061e-53	4.11103536788133e-08
ENSMUSG00000010492	0.0419656296066465	2.40497825725525e-22	5.10397268675654e-05	2.07510318570743e-08	0.957983309913363	2.09119497568807e-12
ENSMUSG00000086385	0.0018769485221284	2.04486973625816e-23	3.26330111840158e-06	1.58483078106469e-09	0.99811978659175	1.72028562105553e-13
ENSMUSG00000108693	0.00534218195876697	1.08662657936972e-22	1.55758125529513e-05	8.3797514822313e-09	0.994642233847998	9.30549461256215e-13
ENSMUSG00000016087	0.00417684278158979	9.98843514360299e-24	2.16957604563179e-06	8.05230247155006e-10	0.995820986837052	8.2116846847071e-14
ENSMUSG00000110160	0.00118839044983629	1.93110897212237e-23	2.73420309637471e-06	1.46809324162719e-09	0.99880887387881	1.64084974498344e-13
ENSMUSG00000107947	0.0307498773566674	5.41098189128904e-22	8.73532781680957e-05	4.31017738341475e-08	0.969162726258764	4.62631363532627e-12
ENSMUSG00000070870	0.168278697450942	5.73913349812662e-21	0.000866621614801099	4.66037829997939e-07	0.830854214846318	5.01083826220424e-11
ENSMUSG00000091017	0.982623259198619	9.41464825782458e-20	0.0133782340750847	7.58003100866541e-06	0.00399092587488672	8.20400926032086e-10
ENSMUSG00000107461	0.00155815606298766	2.39347700519994e-23	3.44826852670617e-06	1.8176210726369e-09	0.998438393850662	2.02661283203358e-13
ENSMUSG00000038840	0.013330624400478	3.73097873806316e-22	5.20917878130058e-05	2.91644423198934e-08	0.986617254644039	3.22712291564616e-12
ENSMUSG00000105289	0.00123039712827962	2.43544936645118e-23	3.23912208765772e-06	1.82091495169969e-09	0.998766361928511	2.06793107823777e-13
ENSMUSG00000023886	0.995597706418915	1.19015172426781e-20	0.0044012326419667	1.06082657102347e-06	2.28542579648037e-11	8.96928066477543e-11
ENSMUSG00000074899	0.00675483661746999	7.82034080122294e-23	1.29995133701488e-05	6.21378737419818e-09	0.993232157654705	6.66994591319921e-13
ENSMUSG00000031492	0.992330819179691	3.20173046369506e-20	0.0066319330122559	2.88986936073458e-06	0.0010343576549563	2.83735607944556e-10
ENSMUSG00000024677	0.00183013929986451	7.18604097219783e-24	1.33138209378726e-06	5.65146215166802e-10	0.998168528752836	5.9844241220846e-14
ENSMUSG00000021423	0.00396504996263039	1.56289860812372e-23	3.0046479785653e-06	1.21866059644232e-09	0.996031944170603	1.27825796925425e-13
ENSMUSG00000029671	0.995454473380075	1.16417793466259e-20	0.00454430116491211	1.22535347906308e-06	4.15864764501154e-13	1.01118344438566e-10
ENSMUSG00000110959	0.0302082748424217	3.11845895716264e-22	5.7881377941845e-05	2.53975371772659e-08	0.969733818379459	2.64051400950556e-12
ENSMUSG00000058443	0.170278947260031	5.631248763152e-22	0.000124518470644027	4.79563178517474e-08	0.829596486308192	4.81558742744568e-12
ENSMUSG00000104469	0.000984116821362037	1.04718087597549e-23	1.61125259896488e-06	7.97903954102277e-10	0.999014271128047	8.7866235370706e-14
ENSMUSG00000020912	2.45601401069372e-19	5.40620945294864e-17	0.993316701744401	0.00668276035691888	2.11516714430762e-168	5.37898680024898e-07
ENSMUSG00000036446	0.013369390396162	4.02119736684753e-23	8.48346668364099e-06	3.17904389266046e-09	0.986622122957785	3.26016389177957e-13
ENSMUSG00000069272	0.000936250329184625	1.40708590841856e-23	1.95124151031695e-06	1.05308145288888e-09	0.999061797376105	1.18986894697942e-13
ENSMUSG00000073940	0.00138644558584846	9.2254825073726e-24	1.59458900663779e-06	7.35473214434137e-10	0.998611959089593	7.89457584642908e-14
ENSMUSG00000113294	0.00385544903494082	2.60698531353446e-23	4.94130535591393e-06	2.10310931136237e-09	0.996139607556375	2.19010274394326e-13
ENSMUSG00000028023	0.0807499711415034	2.78818970193334e-22	6.06825470260317e-05	2.20761544799862e-08	0.919189324233079	2.23653640287085e-12
ENSMUSG00000097050	0.000725142584926255	7.34667048212992e-24	1.11588733566561e-06	5.6795151657748e-10	0.999273740959724	6.27441977236094e-14
ENSMUSG00000025380	0.0480429485967859	4.81027643887845e-22	9.20400461910647e-05	4.07995963894943e-08	0.951864970553234	4.19273697537972e-12
ENSMUSG00000000861	0.0289988929924457	1.47246281098336e-22	2.9225092618977e-05	1.15117284608444e-08	0.970971870402016	1.19116659616139e-12
ENSMUSG00000058952	0.000837174253063492	8.86257603644555e-24	1.30824107999291e-06	6.78196813350446e-10	0.999161516827584	7.54152414294536e-14
ENSMUSG00000104936	0.00185977192205916	2.45535038030444e-23	3.75227202989792e-06	1.89452405118839e-09	0.998136473911179	2.07763998966107e-13
ENSMUSG00000112649	0.0036383502073979	3.26662574489913e-23	5.72935363290308e-06	2.67220497700837e-09	0.996355917766482	2.82566787096005e-13
ENSMUSG00000068615	0.00116457000427868	1.25490494343354e-23	1.95235848999881e-06	9.84503453337858e-10	0.99883347665262	1.07674628914666e-13
ENSMUSG00000049872	0.000643660241382656	5.28434778841465e-24	8.16717346868005e-07	4.04369231253752e-10	0.999355522636857	4.46768267704506e-14
ENSMUSG00000106917	0.00106981786370015	8.75277647495907e-24	1.33891254312165e-06	6.68772162302074e-10	0.99892884255491	7.40610070928651e-14
ENSMUSG00000104214	0.000825937653229764	1.16767174507521e-23	1.64668643148177e-06	8.7477806220671e-10	0.999172414785462	9.83506104362012e-14
